0.17678 1 1 0 7
0.125 2 1 1 3
0.125 3 0 0 3
0.17678 3 0 0 7
0.25 1 0 0 3
0.35355 2 0 0 11
0.5 2 0 1 11
0.70711 2 0 0 11
1 2 0 1 11
1.4142 3 0 1 7
2 1 0 0 11
2.8284 1 1 1 7
2 1 0 1 3
2.8284 1 1 0 7
2 3 1 0 11
1.4142 1 0 0 3
2 3 0 1 7
2.8284 2 0 0 11
4 3 1 0 11
2.8284 1 1 1 7
2 3 0 0 7
2.8284 2 1 0 3
2 3 0 1 7
2.8284 1 1 0 7
2 1 1 1 7
1.4142 1 1 1 7
1 3 1 0 11
0.70711 1 0 1 3
1 3 0 0 7
1.4142 3 0 0 3
2 1 1 1 7
1.4142 1 1 0 7
1 3 0 0 7
1.4142 1 0 0 3
2 2 1 1 3
1.4142 3 1 0 11
1 1 0 1 11
1.4142 3 1 1 11
1 1 0 1 3
1.4142 1 1 0 7
1 1 0 1 11
1.4142 3 0 0 7
2 1 0 1 3
2.8284 1 0 1 11
4 3 1 0 11
2.8284 1 1 1 7
2 1 0 0 11
2.8284 1 1 0 7
2 1 0 1 3
2.8284 3 0 1 3
4 3 1 0 11
2.8284 1 1 0 7
2 2 1 0 3
1.4142 1 0 1 11
2 1 1 1 7
1.4142 2 0 1 11
2 3 0 1 7
2.8284 2 1 1 3
2 1 1 0 7
1.4142 2 0 0 11
2 3 0 0 7
2.8284 2 1 1 3
2 2 1 1 3
1.4142 2 1 0 3
1 1 0 1 11
1.4142 3 0 1 3
2 3 1 0 11
1.4142 1 0 0 3
2 3 0 1 3
2.8284 2 1 1 3
2 3 0 0 7
2.8284 1 1 0 7
2 2 0 1 11
2.8284 3 1 1 11
2 1 0 1 3
2.8284 1 1 0 7
2 3 1 0 11
1.4142 1 1 0 7
1 3 1 1 11
0.70711 2 1 0 3
0.5 2 0 0 11
0.70711 2 0 1 11
1 2 0 0 7
1.4142 2 0 1 7
2 2 1 1 3
1.4142 1 0 0 11
2 1 0 1 3
2.8284 2 1 1 3
2 2 1 1 3
1.4142 2 0 0 11
2 3 0 1 3
2.8284 2 0 1 7
4 2 1 0 3
2.8284 2 1 0 3
2 3 1 1 11
1.4142 3 0 1 7
2 3 1 0 11
1.4142 3 1 1 11
1 3 1 1 11
0.70711 1 1 0 7
