0.35355 1 1 1 7
0.25 1 0 0 3
0.35355 3 0 0 3
0.5 1 1 0 7
0.35355 1 1 0 7
0.25 3 0 1 7
0.35355 2 0 1 11
0.5 2 0 0 11
0.70711 1 0 1 3
1 2 0 0 7
1.4142 2 1 1 3
1 3 1 1 11
0.70711 1 0 1 11
1 1 0 0 3
1.4142 1 0 1 3
2 1 1 1 7
1.4142 1 0 0 11
2 1 0 1 11
2.8284 1 0 1 11
4 1 1 1 7
2.8284 1 0 1 3
4 3 0 0 7
5.6569 2 0 0 7
8 2 0 0 7
11.314 2 0 1 11
16 2 1 1 3
11.314 1 1 1 7
8 3 0 0 7
11.314 3 0 0 3
16 1 0 1 11
22.627 3 0 1 3
32 1 0 0 3
45.255 1 0 0 3
64 1 0 1 3
90.51 1 0 0 11
90.51 1 0 0 11
90.51 1 0 0 11
90.51 3 0 0 7
90.51 2 1 1 3
64 2 1 0 3
45.255 1 0 0 11
64 1 1 1 7
45.255 3 0 1 3
64 1 1 1 7
45.255 2 1 0 3
32 1 0 1 3
45.255 1 0 1 11
64 2 0 1 7
90.51 1 0 0 11
90.51 3 0 1 3
90.51 2 1 0 3
64 3 1 1 11
45.255 1 0 0 11
64 3 0 0 7
90.51 3 1 1 11
64 1 0 0 11
90.51 2 1 1 3
64 3 0 0 7
90.51 1 0 0 11
90.51 1 0 0 11
90.51 2 0 0 7
90.51 3 1 1 11
64 1 1 1 7
45.255 3 1 1 11
32 2 0 0 11
45.255 3 1 1 11
32 2 0 1 11
45.255 1 1 1 7
32 2 1 1 3
22.627 3 0 1 7
32 3 0 0 3
45.255 3 1 1 11
32 1 0 0 11
45.255 1 1 1 7
32 2 0 1 7
45.255 3 0 1 3
64 2 0 0 7
90.51 3 0 0 7
90.51 1 1 1 7
64 3 0 0 7
90.51 3 0 0 7
90.51 1 0 0 11
90.51 1 1 1 7
64 3 0 1 3
90.51 2 1 0 3
64 3 0 0 7
90.51 2 1 0 3
64 2 1 0 3
45.255 3 1 1 11
32 1 0 1 11
45.255 3 0 0 7
64 2 1 1 3
45.255 3 0 0 7
64 1 0 0 11
90.51 2 1 0 3
64 3 0 1 3
90.51 2 1 0 3
64 3 0 0 3
90.51 3 1 1 11
64 1 0 0 11
