64 3 1 0 11
45.255 1 1 0 7
32 3 1 0 11
22.627 2 1 0 3
16 2 0 1 7
22.627 3 1 1 11
16 2 1 0 3
11.314 2 1 0 3
8 1 1 1 7
5.6569 3 0 0 3
8 3 0 0 7
11.314 2 1 0 3
8 3 0 0 7
11.314 1 0 0 11
16 3 1 0 11
11.314 2 1 1 3
8 3 1 0 11
5.6569 2 0 0 11
8 2 1 1 3
5.6569 3 0 0 3
8 2 1 0 3
5.6569 2 0 0 11
8 2 1 0 3
5.6569 3 0 0 3
8 2 1 1 3
5.6569 2 1 1 3
4 3 0 0 3
5.6569 1 1 1 7
4 2 0 1 11
5.6569 1 0 0 11
8 1 0 0 11
11.314 1 0 1 3
16 1 1 1 7
11.314 1 0 0 11
16 3 0 1 3
22.627 2 1 1 3
16 1 1 0 7
11.314 2 1 1 3
8 3 1 1 11
5.6569 1 0 0 11
8 3 1 1 11
5.6569 3 1 1 11
4 1 0 0 11
5.6569 1 1 0 7
4 1 0 1 3
5.6569 1 1 1 7
4 1 0 1 11
5.6569 3 1 1 11
4 3 0 1 3
5.6569 2 1 1 3
4 3 0 0 7
5.6569 1 1 1 7
4 1 1 1 7
2.8284 2 0 0 11
4 2 0 1 7
5.6569 3 0 1 3
8 3 0 0 7
11.314 1 1 0 7
8 1 1 1 7
5.6569 1 1 1 7
4 2 0 1 7
5.6569 1 1 1 7
4 1 0 0 11
5.6569 3 1 0 11
4 1 0 0 11
5.6569 3 0 1 3
8 3 0 0 7
11.314 1 1 0 7
8 3 0 0 7
11.314 3 0 0 7
16 3 1 1 11
11.314 1 1 1 7
8 3 1 1 11
5.6569 1 0 0 11
8 3 1 1 11
5.6569 2 1 0 3
4 3 1 1 11
2.8284 1 1 1 7
2 3 0 0 3
2.8284 3 1 0 11
2 2 1 0 3
1.4142 2 1 1 3
1 1 1 1 7
0.70711 1 0 1 3
1 1 0 1 3
1.4142 2 1 0 3
1 3 1 0 11
0.70711 3 0 0 3
1 3 0 1 7
1.4142 1 1 1 7
1 3 0 1 7
1.4142 3 1 1 11
1 3 1 0 11
0.70711 3 0 1 7
1 1 0 1 3
1.4142 2 0 0 11
2 3 0 1 7
2.8284 1 0 0 3
4 1 0 1 11
5.6569 2 1 0 3
