90.51 3 1 0 11
64 1 1 0 7
45.255 1 1 1 7
32 3 1 1 11
22.627 2 1 1 3
16 1 1 1 7
11.314 3 1 0 11
8 1 1 0 7
5.6569 2 1 0 3
4 2 1 0 3
2.8284 2 1 1 3
2 3 1 0 11
1.4142 1 0 1 3
2 2 1 0 3
1.4142 1 0 0 11
2 3 1 1 11
1.4142 1 0 0 3
2 1 1 1 7
1.4142 3 0 0 7
2 1 1 1 7
1.4142 3 1 1 11
1 1 0 1 11
1.4142 3 0 0 7
2 3 1 0 11
1.4142 3 1 1 11
1 3 0 0 3
1.4142 3 1 1 11
1 3 0 1 7
1.4142 3 0 0 7
2 2 1 0 3
1.4142 3 0 1 7
2 1 1 0 7
1.4142 1 0 0 11
2 1 1 1 7
1.4142 3 0 0 7
2 3 0 0 7
2.8284 1 1 1 7
2 1 1 1 7
1.4142 3 0 1 3
2 3 1 1 11
1.4142 3 1 1 11
1 3 0 0 7
1.4142 2 0 0 7
2 3 1 1 11
1.4142 3 0 0 3
2 2 1 0 3
1.4142 1 0 1 3
2 1 1 1 7
1.4142 3 0 1 3
2 1 0 1 3
2.8284 3 0 0 7
4 1 1 1 7
2.8284 2 1 1 3
2 1 1 0 7
1.4142 2 1 0 3
1 3 0 0 7
1.4142 1 0 0 3
2 2 1 1 3
1.4142 1 0 1 3
2 2 1 0 3
1.4142 3 1 1 11
1 3 1 1 11
0.70711 2 1 1 3
0.5 1 0 0 3
0.70711 3 0 1 3
1 3 0 0 3
1.4142 1 0 1 3
2 3 1 0 11
1.4142 2 1 0 3
1 3 0 1 3
1.4142 1 1 0 7
1 1 1 0 7
0.70711 3 1 0 11
0.5 1 1 1 7
0.35355 2 0 0 7
0.5 1 1 0 7
0.35355 3 0 1 7
0.5 3 1 1 11
0.35355 1 0 1 11
0.5 1 0 0 11
0.70711 2 0 0 11
1 3 0 0 3
1.4142 2 1 0 3
1 1 0 1 11
1.4142 1 0 1 3
2 1 0 1 11
2.8284 1 1 0 7
2 1 1 0 7
1.4142 3 1 1 11
1 2 0 1 7
1.4142 1 0 0 11
2 3 1 0 11
1.4142 3 0 0 7
2 2 1 1 3
1.4142 2 0 1 11
2 3 1 1 11
1.4142 2 0 1 11
2 3 1 0 11
1.4142 2 1 1 3
1 3 1 0 11
