16 1 1 0 7
11.314 2 1 1 3
8 2 1 1 3
5.6569 2 1 1 3
4 2 0 0 7
5.6569 2 1 0 3
4 3 1 1 11
2.8284 3 1 0 11
2 2 0 0 11
2.8284 3 1 1 11
2 1 1 0 7
1.4142 1 1 1 7
1 3 0 0 3
1.4142 2 0 0 11
2 1 1 0 7
1.4142 3 1 1 11
1 1 1 1 7
0.70711 1 1 1 7
0.5 3 0 1 7
0.70711 2 1 1 3
0.5 2 0 0 11
0.70711 2 0 0 11
1 2 1 0 3
0.70711 1 1 0 7
0.5 2 0 1 7
0.70711 3 1 0 11
0.5 1 1 1 7
0.35355 2 0 0 7
0.5 3 1 0 11
0.35355 1 0 0 11
0.5 3 1 1 11
0.35355 1 1 0 7
0.25 2 0 0 7
0.35355 2 0 1 7
0.5 2 1 0 3
0.35355 2 1 1 3
0.25 2 0 0 11
0.35355 2 1 1 3
0.25 2 0 0 11
0.35355 2 1 0 3
0.25 2 1 1 3
0.17678 2 1 1 3
0.125 1 0 0 3
0.17678 3 0 1 3
0.25 1 0 1 11
0.35355 3 1 0 11
0.25 3 0 1 3
0.35355 1 0 1 3
0.5 2 1 1 3
0.35355 2 0 1 11
0.5 3 1 1 11
0.35355 3 0 0 3
0.5 3 0 1 3
0.70711 1 0 0 11
1 1 0 1 11
1.4142 1 1 1 7
1 1 0 1 11
1.4142 3 0 0 3
2 3 1 0 11
1.4142 3 1 1 11
1 2 1 1 3
0.70711 1 1 0 7
0.5 3 0 0 7
0.70711 3 0 1 7
1 2 0 1 7
1.4142 3 0 0 7
2 1 1 0 7
1.4142 2 1 0 3
1 3 0 0 3
1.4142 3 1 0 11
1 1 0 1 3
1.4142 1 1 1 7
1 3 0 1 3
1.4142 3 1 0 11
1 3 0 1 3
1.4142 2 1 1 3
1 3 0 0 7
1.4142 1 1 1 7
1 3 1 1 11
0.70711 3 0 0 7
1 3 0 1 3
1.4142 1 1 0 7
1 3 0 0 7
1.4142 3 0 0 7
2 3 1 1 11
1.4142 1 1 1 7
1 3 0 1 7
1.4142 3 0 1 7
2 2 0 0 11
2.8284 1 1 1 7
2 3 1 1 11
1.4142 3 0 0 3
2 1 0 0 11
2.8284 2 1 0 3
2 2 0 0 11
2.8284 2 1 0 3
2 3 0 1 3
2.8284 3 0 0 7
4 3 1 1 11
2.8284 1 0 0 11
