3 0.32 1 3.6 0.32 1 41 1
2.55 0.16 1 3 0.32 1 41 2
3.45 0.16 1 3 0.32 1 39 2
3 0.32 1 2.4 0.08 1 39 1
2.55 0.08 1 3 0.32 1 41 2
3.6 0.08 1 3 0.32 1 39 2
3 0.32 1 2.55 0.16 1 39 1
3 0.32 1 2.4 0.04 1 39 1
3.3 0.16 1 3 0.32 1 39 2
3.15 0.32 1 3 0.32 1 39 2
3.6 0.32 1 3 0.32 1 39 2
2.25 0.32 1 3 0.32 1 41 2
3.75 0.04 1 3 0.32 1 39 2
3 0.32 1 3.15 0.32 1 39 1
3.15 0.32 1 3 0.32 1 39 2
3.3 0.08 1 3 0.32 1 39 2
3 0.32 1 3.3 0.08 1 39 1
3 0.32 1 3.6 0.04 1 39 1
3 0.32 1 2.25 0.04 1 39 1
2.4 0.08 1 3 0.32 1 41 2
3.45 0.04 1 3 0.32 1 39 2
3 0.32 1 2.55 0.08 1 39 1
3 0.32 1 2.55 0.16 1 39 1
3 0.32 1 3.75 0.08 1 41 1
3 0.32 1 3.3 0.08 1 39 1
3 0.32 1 3.45 0.16 1 41 1
3 0.32 1 2.85 0.16 1 39 1
3 0.32 1 2.25 0.04 1 39 1
2.85 0.04 1 3 0.32 1 41 2
2.55 0.08 1 3 0.32 1 39 2
2.7 0.16 1 3 0.32 1 41 2
3 0.32 1 2.55 0.32 1 39 1
2.85 0.16 1 3 0.32 1 39 2
3.6 0.08 1 3 0.32 1 39 2
3 0.32 1 2.25 0.04 1 39 1
3 0.32 1 3.45 0.08 1 41 1
3 0.32 1 2.55 0.32 1 39 1
3 0.32 1 3.45 0.32 1 39 1
2.55 0.16 1 3 0.32 1 41 2
2.25 0.16 1 3 0.32 1 41 2
3 0.32 1 3.3 0.08 1 39 1
2.4 0.32 1 3 0.32 1 39 2
3 0.32 1 2.7 0.32 1 39 1
3.15 0.32 1 3 0.32 1 39 2
3.15 0.16 1 3 0.32 1 39 2
3 0.32 1 3.45 0.32 1 39 1
3 0.32 1 3.6 0.16 1 41 1
3 0.32 1 3.75 0.32 1 41 1
3 0.32 1 3.3 0.08 1 41 1
2.4 0.04 1 3 0.32 1 41 2
3 0.32 1 3.75 0.08 1 41 1
3 0.32 1 2.55 0.16 1 39 1
3.3 0.16 1 3 0.32 1 39 2
3 0.32 1 3.45 0.08 1 41 1
3 0.32 1 3.75 0.32 1 41 1
3 0.32 1 3.3 0.16 1 41 1
3.6 0.16 1 3 0.32 1 39 2
3.45 0.08 1 3 0.32 1 39 2
3 0.32 1 2.25 0.08 1 39 1
3 0.32 1 2.4 0.32 1 39 1
3.3 0.08 1 3 0.32 1 39 2
3.3 0.16 1 3 0.32 1 39 2
3 0.32 1 2.7 0.32 1 39 1
3 0.32 1 3.45 0.04 1 41 1
3 0.32 1 3.3 0.32 1 41 1
3.6 0.16 1 3 0.32 1 39 2
3.45 0.08 1 3 0.32 1 39 2
2.7 0.04 1 3 0.32 1 39 2
3 0.32 1 2.7 0.32 1 39 1
2.4 0.08 1 3 0.32 1 39 2
2.85 0.32 1 3 0.32 1 41 2
3.15 0.08 1 3 0.32 1 39 2
3 0.32 1 3.75 0.16 1 41 1
3 0.32 1 2.25 0.08 1 39 1
3 0.32 1 2.25 0.08 1 39 1
2.7 0.16 1 3 0.32 1 39 2
3.45 0.32 1 3 0.32 1 39 2
3.15 0.32 1 3 0.32 1 39 2
3.6 0.04 1 3 0.32 1 39 2
2.55 0.04 1 3 0.32 1 41 2
2.85 0.32 1 3 0.32 1 41 2
3.45 0.04 1 3 0.32 1 39 2
3.75 0.04 1 3 0.32 1 39 2
3 0.32 1 3.15 0.04 1 39 1
3 0.32 1 3.3 0.16 1 41 1
3 0.32 1 3.15 0.32 1 39 1
3 0.32 1 2.7 0.16 1 39 1
3 0.32 1 3.75 0.08 1 41 1
3 0.32 1 2.7 0.16 1 39 1
2.7 0.32 1 3 0.32 1 41 2
3 0.32 1 2.7 0.08 1 39 1
2.55 0.08 1 3 0.32 1 39 2
3 0.32 1 2.7 0.08 1 39 1
3.45 0.04 1 3 0.32 1 39 2
3.3 0.16 1 3 0.32 1 39 2
2.85 0.04 1 3 0.32 1 41 2
3 0.32 1 2.55 0.16 1 39 1
2.85 0.08 1 3 0.32 1 39 2
2.85 0.16 1 3 0.32 1 39 2
3.6 0.08 1 3 0.32 1 39 2
3 0.32 1 3.45 0.08 1 41 1
3 0.32 1 2.4 0.08 1 39 1
3 0.32 1 3.45 0.08 1 41 1
3 0.32 1 2.7 0.08 1 39 1
3 0.32 1 2.55 0.08 1 39 1
3 0.32 1 2.7 0.04 1 39 1
3.75 0.04 1 3 0.32 1 39 2
3.45 0.16 1 3 0.32 1 39 2
3 0.32 1 3.15 0.04 1 39 1
3.3 0.08 1 3 0.32 1 39 2
3.3 0.32 1 3 0.32 1 39 2
2.85 0.16 1 3 0.32 1 41 2
3.3 0.04 1 3 0.32 1 41 2
3 0.32 1 2.25 0.16 1 39 1
3.3 0.16 1 3 0.32 1 39 2
3 0.32 1 3.6 0.04 1 41 1
3 0.32 1 3.6 0.16 1 41 1
3 0.32 1 3.3 0.32 1 39 1
3 0.32 1 2.55 0.08 1 39 1
2.4 0.16 1 3 0.32 1 41 2
3.6 0.08 1 3 0.32 1 39 2
3 0.32 1 2.55 0.16 1 39 1
3.45 0.32 1 3 0.32 1 39 2
2.25 0.04 1 3 0.32 1 41 2
3.6 0.08 1 3 0.32 1 39 2
2.4 0.08 1 3 0.32 1 41 2
2.55 0.04 1 3 0.32 1 41 2
3 0.32 1 2.55 0.16 1 39 1
3 0.32 1 3.15 0.08 1 41 1
3 0.32 1 3.75 0.08 1 41 1
3 0.32 1 2.85 0.32 1 39 1
3 0.32 1 3.3 0.08 1 41 1
3 0.32 1 2.85 0.04 1 41 1
3.3 0.08 1 3 0.32 1 39 2
2.55 0.08 1 3 0.32 1 39 2
3 0.32 1 2.4 0.16 1 39 1
3 0.32 1 3.15 0.04 1 41 1
3 0.32 1 3.45 0.08 1 41 1
2.55 0.32 1 3 0.32 1 41 2
3.3 0.16 1 3 0.32 1 39 2
2.4 0.16 1 3 0.32 1 39 2
2.85 0.04 1 3 0.32 1 41 2
3 0.32 1 3.75 0.08 1 41 1
2.25 0.04 1 3 0.32 1 39 2
3 0.32 1 2.25 0.08 1 39 1
2.7 0.08 1 3 0.32 1 39 2
2.7 0.16 1 3 0.32 1 39 2
3 0.32 1 2.7 0.32 1 39 1
3 0.32 1 2.55 0.08 1 39 1
3 0.32 1 2.4 0.04 1 39 1
