1.42 0.16 1 1.5 0.32 1 41 2
1.58 0.32 1 1.5 0.32 1 39 2
1.5 0.32 1 1.2 0.32 1 39 1
1.5 0.32 1 1.88 0.32 1 41 1
1.5 0.32 1 1.58 0.08 1 41 1
1.65 0.08 1 1.5 0.32 1 39 2
1.5 0.32 1 1.2 0.32 1 39 1
1.2 0.08 1 1.5 0.32 1 41 2
1.88 0.16 1 1.5 0.32 1 39 2
1.5 0.32 1 1.58 0.16 1 41 1
1.88 0.32 1 1.5 0.32 1 39 2
1.5 0.32 1 1.8 0.16 1 41 1
1.5 0.32 1 1.42 0.16 1 39 1
1.58 0.08 1 1.5 0.32 1 39 2
1.5 0.32 1 1.27 0.04 1 39 1
1.58 0.04 1 1.5 0.32 1 39 2
1.35 0.16 1 1.5 0.32 1 41 2
1.35 0.08 1 1.5 0.32 1 41 2
1.5 0.32 1 1.27 0.16 1 39 1
1.65 0.16 1 1.5 0.32 1 39 2
1.42 0.04 1 1.5 0.32 1 39 2
1.5 0.32 1 1.35 0.08 1 41 1
1.27 0.32 1 1.5 0.32 1 41 2
1.13 0.04 1 1.5 0.32 1 41 2
1.73 0.32 1 1.5 0.32 1 39 2
1.5 0.32 1 1.65 0.04 1 41 1
1.58 0.16 1 1.5 0.32 1 39 2
1.88 0.04 1 1.5 0.32 1 39 2
1.5 0.32 1 1.88 0.04 1 41 1
1.65 0.08 1 1.5 0.32 1 39 2
1.5 0.32 1 1.8 0.32 1 41 1
1.5 0.32 1 1.58 0.16 1 41 1
1.73 0.32 1 1.5 0.32 1 39 2
1.2 0.16 1 1.5 0.32 1 41 2
1.58 0.04 1 1.5 0.32 1 41 2
1.35 0.32 1 1.5 0.32 1 41 2
1.35 0.08 1 1.5 0.32 1 41 2
1.5 0.32 1 1.42 0.04 1 41 1
1.73 0.16 1 1.5 0.32 1 39 2
1.5 0.32 1 1.8 0.08 1 41 1
1.5 0.32 1 1.35 0.32 1 41 1
1.65 0.16 1 1.5 0.32 1 39 2
1.88 0.16 1 1.5 0.32 1 39 2
1.27 0.16 1 1.5 0.32 1 41 2
1.8 0.32 1 1.5 0.32 1 39 2
1.2 0.04 1 1.5 0.32 1 41 2
1.5 0.32 1 1.58 0.32 1 39 1
1.35 0.04 1 1.5 0.32 1 39 2
1.5 0.32 1 1.73 0.32 1 41 1
1.5 0.32 1 1.73 0.32 1 39 1
1.35 0.04 1 1.5 0.32 1 41 2
1.8 0.08 1 1.5 0.32 1 39 2
1.5 0.32 1 1.2 0.16 1 41 1
1.27 0.16 1 1.5 0.32 1 41 2
1.2 0.08 1 1.5 0.32 1 41 2
1.5 0.32 1 1.35 0.16 1 39 1
1.58 0.16 1 1.5 0.32 1 41 2
1.65 0.16 1 1.5 0.32 1 39 2
1.5 0.32 1 1.8 0.32 1 41 1
1.5 0.32 1 1.35 0.04 1 39 1
1.27 0.04 1 1.5 0.32 1 41 2
1.5 0.32 1 1.73 0.32 1 41 1
1.5 0.32 1 1.2 0.32 1 39 1
1.2 0.08 1 1.5 0.32 1 41 2
1.13 0.32 1 1.5 0.32 1 41 2
1.13 0.16 1 1.5 0.32 1 41 2
1.58 0.08 1 1.5 0.32 1 39 2
1.5 0.32 1 1.2 0.08 1 39 1
1.5 0.32 1 1.27 0.16 1 39 1
1.73 0.16 1 1.5 0.32 1 39 2
1.5 0.32 1 1.2 0.32 1 39 1
1.88 0.08 1 1.5 0.32 1 39 2
1.88 0.32 1 1.5 0.32 1 39 2
1.5 0.32 1 1.88 0.16 1 41 1
1.73 0.32 1 1.5 0.32 1 39 2
1.5 0.32 1 1.65 0.16 1 41 1
1.13 0.16 1 1.5 0.32 1 41 2
1.73 0.04 1 1.5 0.32 1 39 2
1.5 0.32 1 1.73 0.08 1 41 1
1.5 0.32 1 1.35 0.08 1 41 1
1.88 0.16 1 1.5 0.32 1 39 2
1.5 0.32 1 1.27 0.04 1 41 1
1.5 0.32 1 1.65 0.32 1 41 1
1.5 0.32 1 1.42 0.08 1 39 1
1.65 0.08 1 1.5 0.32 1 39 2
1.5 0.32 1 1.42 0.32 1 39 1
1.5 0.32 1 1.65 0.08 1 41 1
1.5 0.32 1 1.35 0.04 1 39 1
1.5 0.32 1 1.13 0.32 1 39 1
1.5 0.32 1 1.8 0.04 1 41 1
1.5 0.32 1 1.2 0.04 1 39 1
1.5 0.32 1 1.73 0.08 1 41 1
1.2 0.32 1 1.5 0.32 1 41 2
1.5 0.32 1 1.65 0.32 1 41 1
1.5 0.32 1 1.8 0.16 1 41 1
1.35 0.04 1 1.5 0.32 1 39 2
1.5 0.32 1 1.27 0.32 1 39 1
1.5 0.32 1 1.58 0.04 1 41 1
1.88 0.08 1 1.5 0.32 1 39 2
1.5 0.32 1 1.65 0.16 1 41 1
1.13 0.32 1 1.5 0.32 1 41 2
1.73 0.16 1 1.5 0.32 1 39 2
1.88 0.04 1 1.5 0.32 1 39 2
1.5 0.32 1 1.35 0.04 1 39 1
1.2 0.04 1 1.5 0.32 1 41 2
1.42 0.08 1 1.5 0.32 1 41 2
1.8 0.08 1 1.5 0.32 1 39 2
1.65 0.16 1 1.5 0.32 1 39 2
1.5 0.32 1 1.13 0.08 1 39 1
1.8 0.16 1 1.5 0.32 1 39 2
1.5 0.32 1 1.27 0.16 1 39 1
1.88 0.16 1 1.5 0.32 1 39 2
1.73 0.08 1 1.5 0.32 1 39 2
1.88 0.08 1 1.5 0.32 1 39 2
1.5 0.32 1 1.35 0.08 1 39 1
1.8 0.08 1 1.5 0.32 1 39 2
1.5 0.32 1 1.27 0.16 1 41 1
1.5 0.32 1 1.42 0.04 1 41 1
1.2 0.08 1 1.5 0.32 1 41 2
1.5 0.32 1 1.88 0.16 1 41 1
1.88 0.04 1 1.5 0.32 1 39 2
1.5 0.32 1 1.2 0.08 1 41 1
1.13 0.32 1 1.5 0.32 1 41 2
1.5 0.32 1 1.73 0.32 1 41 1
1.88 0.16 1 1.5 0.32 1 39 2
1.5 0.32 1 1.35 0.04 1 41 1
1.5 0.32 1 1.13 0.16 1 39 1
1.5 0.32 1 1.73 0.16 1 41 1
1.35 0.04 1 1.5 0.32 1 41 2
1.5 0.32 1 1.27 0.32 1 39 1
1.35 0.04 1 1.5 0.32 1 41 2
1.5 0.32 1 1.65 0.16 1 41 1
1.2 0.16 1 1.5 0.32 1 41 2
1.65 0.32 1 1.5 0.32 1 39 2
1.58 0.32 1 1.5 0.32 1 39 2
1.5 0.32 1 1.58 0.08 1 41 1
1.5 0.32 1 1.27 0.04 1 39 1
1.58 0.04 1 1.5 0.32 1 39 2
1.8 0.16 1 1.5 0.32 1 39 2
1.65 0.16 1 1.5 0.32 1 39 2
1.42 0.16 1 1.5 0.32 1 39 2
1.65 0.04 1 1.5 0.32 1 41 2
1.42 0.16 1 1.5 0.32 1 39 2
1.5 0.32 1 1.13 0.16 1 39 1
1.5 0.32 1 1.65 0.16 1 39 1
1.5 0.32 1 1.35 0.32 1 41 1
1.5 0.32 1 1.2 0.04 1 39 1
1.5 0.32 1 1.73 0.32 1 41 1
1.5 0.32 1 1.2 0.08 1 39 1
1.88 0.32 1 1.5 0.32 1 39 2
