3 0.64 3 2.1 0.32 3 39 1
3 0.64 3 3.22 0.64 3 39 1
3 0.64 3 3.45 0.16 3 39 1
2.78 0.64 3 3 0.64 3 39 2
3 0.64 3 2.33 0.16 3 39 1
3 0.64 3 2.78 0.16 3 39 1
3 0.64 3 2.1 0.16 3 39 1
3 0.64 3 2.55 0.32 3 39 1
3.68 0.16 3 3 0.64 3 39 2
4.13 0.64 3 3 0.64 3 39 2
1.88 0.64 3 3 0.64 3 41 2
2.33 0.32 3 3 0.64 3 41 2
3 0.64 3 2.55 0.32 3 39 1
3 0.64 3 2.33 0.64 3 39 1
2.33 0.32 3 3 0.64 3 41 2
2.33 0.16 3 3 0.64 3 39 2
3.45 0.64 3 3 0.64 3 39 2
3.68 0.64 3 3 0.64 3 39 2
3 0.64 3 3.68 0.16 3 41 1
2.1 0.32 3 3 0.64 3 41 2
3 0.64 3 4.13 0.32 3 39 1
4.13 0.32 3 3 0.64 3 39 2
3 0.64 3 3.22 0.32 3 41 1
1.88 0.32 3 3 0.64 3 41 2
2.55 0.16 3 3 0.64 3 41 2
2.55 0.32 3 3 0.64 3 39 2
3.45 0.64 3 3 0.64 3 39 2
2.1 0.16 3 3 0.64 3 41 2
2.1 0.32 3 3 0.64 3 41 2
2.1 0.16 3 3 0.64 3 41 2
1.88 0.16 3 3 0.64 3 41 2
3 0.64 3 3.45 0.16 3 39 1
3 0.64 3 2.55 0.64 3 39 1
3 0.64 3 3.68 0.32 3 41 1
3.9 0.32 3 3 0.64 3 39 2
3 0.64 3 4.13 0.16 3 41 1
3 0.64 3 4.13 0.16 3 39 1
2.1 0.32 3 3 0.64 3 41 2
3 0.64 3 2.78 0.32 3 41 1
3 0.64 3 3.68 0.64 3 39 1
3.68 0.16 3 3 0.64 3 39 2
4.13 0.32 3 3 0.64 3 39 2
3 0.64 3 3.68 0.64 3 39 1
3 0.64 3 2.78 0.32 3 39 1
3 0.64 3 2.1 0.16 3 39 1
3.45 0.32 3 3 0.64 3 39 2
3 0.64 3 2.55 0.16 3 39 1
3 0.64 3 4.13 0.32 3 41 1
3 0.64 3 2.55 0.16 3 39 1
3 0.64 3 2.33 0.32 3 39 1
1.88 0.64 3 3 0.64 3 41 2
3 0.64 3 3.22 0.32 3 39 1
3 0.64 3 2.33 0.32 3 39 1
2.55 0.16 3 3 0.64 3 41 2
3.68 0.32 3 3 0.64 3 41 2
3.22 0.64 3 3 0.64 3 39 2
4.13 0.64 3 3 0.64 3 39 2
3 0.64 3 3.68 0.32 3 41 1
3 0.64 3 2.55 0.32 3 39 1
4.13 0.32 3 3 0.64 3 39 2
3 0.64 3 3.9 0.32 3 41 1
3 0.64 3 2.1 0.32 3 39 1
3 0.64 3 3.9 0.32 3 41 1
2.33 0.64 3 3 0.64 3 41 2
3 0.64 3 2.78 0.64 3 39 1
3.22 0.64 3 3 0.64 3 41 2
2.33 0.64 3 3 0.64 3 41 2
3 0.64 3 3.45 0.16 3 39 1
3 0.64 3 2.1 0.32 3 39 1
2.33 0.32 3 3 0.64 3 41 2
2.1 0.16 3 3 0.64 3 41 2
3 0.64 3 2.55 0.16 3 41 1
3 0.64 3 2.55 0.16 3 39 1
3 0.64 3 3.68 0.32 3 39 1
4.13 0.16 3 3 0.64 3 39 2
3 0.64 3 4.13 0.16 3 41 1
2.55 0.64 3 3 0.64 3 39 2
2.55 0.64 3 3 0.64 3 39 2
3.45 0.16 3 3 0.64 3 39 2
3 0.64 3 2.33 0.64 3 39 1
3 0.64 3 3.45 0.64 3 39 1
3.68 0.16 3 3 0.64 3 39 2
3 0.64 3 2.55 0.16 3 39 1
3 0.64 3 3.68 0.64 3 39 1
2.55 0.64 3 3 0.64 3 39 2
3 0.64 3 4.13 0.16 3 41 1
4.13 0.16 3 3 0.64 3 39 2
2.33 0.32 3 3 0.64 3 41 2
3 0.64 3 1.88 0.16 3 39 1
2.1 0.64 3 3 0.64 3 41 2
3 0.64 3 2.33 0.64 3 39 1
3 0.64 3 3.68 0.32 3 41 1
1.88 0.16 3 3 0.64 3 41 2
3 0.64 3 3.45 0.16 3 41 1
3 0.64 3 4.13 0.64 3 41 1
2.78 0.16 3 3 0.64 3 39 2
3 0.64 3 2.1 0.32 3 39 1
3 0.64 3 3.45 0.16 3 41 1
2.1 0.16 3 3 0.64 3 41 2
3 0.64 3 2.33 0.64 3 39 1
2.33 0.64 3 3 0.64 3 39 2
3 0.64 3 2.1 0.64 3 39 1
3 0.64 3 4.13 0.32 3 41 1
3 0.64 3 1.88 0.16 3 39 1
3 0.64 3 2.1 0.32 3 39 1
3 0.64 3 2.55 0.64 3 39 1
3 0.64 3 3.45 0.16 3 39 1
3 0.64 3 1.88 0.16 3 39 1
1.88 0.16 3 3 0.64 3 41 2
2.33 0.64 3 3 0.64 3 41 2
2.1 0.32 3 3 0.64 3 41 2
3 0.64 3 3.22 0.16 3 39 1
3 0.64 3 3.9 0.64 3 39 1
2.1 0.64 3 3 0.64 3 39 2
3.45 0.32 3 3 0.64 3 39 2
1.88 0.64 3 3 0.64 3 41 2
3 0.64 3 3.9 0.32 3 39 1
2.1 0.64 3 3 0.64 3 41 2
3.45 0.16 3 3 0.64 3 39 2
3 0.64 3 3.68 0.16 3 39 1
4.13 0.16 3 3 0.64 3 39 2
3 0.64 3 2.55 0.32 3 41 1
2.1 0.16 3 3 0.64 3 41 2
2.1 0.16 3 3 0.64 3 41 2
3.68 0.16 3 3 0.64 3 41 2
3 0.64 3 2.55 0.32 3 39 1
3.45 0.64 3 3 0.64 3 39 2
2.78 0.64 3 3 0.64 3 39 2
2.55 0.16 3 3 0.64 3 41 2
2.1 0.16 3 3 0.64 3 41 2
3 0.64 3 2.1 0.32 3 39 1
3 0.64 3 1.88 0.32 3 39 1
3 0.64 3 3.22 0.64 3 41 1
3 0.64 3 4.13 0.16 3 41 1
3 0.64 3 2.55 0.64 3 39 1
3 0.64 3 3.68 0.64 3 39 1
3 0.64 3 2.55 0.64 3 39 1
3 0.64 3 4.13 0.64 3 41 1
3 0.64 3 3.68 0.32 3 41 1
3 0.64 3 1.88 0.64 3 39 1
3.9 0.64 3 3 0.64 3 39 2
2.78 0.16 3 3 0.64 3 39 2
3 0.64 3 2.78 0.16 3 39 1
3 0.64 3 3.45 0.16 3 39 1
3 0.64 3 2.78 0.16 3 39 1
3 0.64 3 3.9 0.32 3 41 1
4.13 0.32 3 3 0.64 3 39 2
3 0.64 3 3.9 0.16 3 39 1
3 0.64 3 2.78 0.64 3 39 1
3 0.64 3 3.45 0.64 3 39 1
