4.97 0.33 1 4 1 1 41 2
4 1 1 4 0.1 1 41 1
4.97 0.05 1 4 1 1 39 2
4 1 1 4 1 1 39 2
4 1 1 1.68 0.05 1 39 1
4 1 1 2.09 0.1 1 39 1
7.66 0.1 1 4 1 1 39 2
4 1 1 9.51 1 1 41 1
9.51 0.1 1 4 1 1 39 2
6.17 0.1 1 4 1 1 39 2
4 0.1 1 4 1 1 39 2
2.59 0.33 1 4 1 1 41 2
4 1 1 4 1 1 39 2
1.68 0.05 1 4 1 1 41 2
1.68 1 1 4 1 1 41 2
2.09 0.05 1 4 1 1 41 2
7.66 0.05 1 4 1 1 39 2
4 0.1 1 4 1 1 39 2
4 1 1 3.22 0.33 1 39 1
9.51 0.33 1 4 1 1 39 2
4 1 1 4 0.1 1 39 1
4 1 1 1.68 1 1 39 1
4 1 1 9.51 0.05 1 41 1
4 1 1 4 1 1 41 1
4 1 1 9.51 0.33 1 41 1
4 1 1 7.66 0.05 1 41 1
6.17 0.33 1 4 1 1 39 2
3.22 0.1 1 4 1 1 39 2
2.59 0.05 1 4 1 1 41 2
2.59 0.33 1 4 1 1 39 2
4 1 1 6.17 0.05 1 39 1
9.51 1 1 4 1 1 39 2
4 1 1 6.17 1 1 41 1
7.66 1 1 4 1 1 39 2
4 1 1 6.17 1 1 39 1
4 1 1 7.66 0.1 1 41 1
9.51 0.05 1 4 1 1 39 2
4 1 1 1.68 0.05 1 39 1
1.68 0.05 1 4 1 1 41 2
4 1 1 7.66 0.05 1 41 1
1.68 0.33 1 4 1 1 39 2
2.59 1 1 4 1 1 39 2
4.97 0.33 1 4 1 1 41 2
1.68 0.1 1 4 1 1 41 2
4 1 1 4 0.05 1 41 1
4 1 1 2.59 1 1 39 1
9.51 0.05 1 4 1 1 39 2
2.59 0.05 1 4 1 1 41 2
4 1 1 4 1 1 39 1
4 1 1 2.09 0.33 1 39 1
4 1 1 4 0.1 1 39 1
4 0.05 1 4 1 1 41 2
7.66 0.1 1 4 1 1 39 2
4 1 1 1.68 0.05 1 39 1
4 1 1 2.09 0.33 1 39 1
4 1 1 4 1 1 39 2
6.17 0.1 1 4 1 1 39 2
4.97 1 1 4 1 1 39 2
4 1 1 2.09 0.33 1 39 1
4 1 1 1.68 0.05 1 39 1
4 1 1 4.97 0.1 1 41 1
4 1 1 6.17 0.33 1 41 1
3.22 0.05 1 4 1 1 39 2
9.51 0.05 1 4 1 1 39 2
4 1 1 4.97 0.33 1 39 1
4 1 1 7.66 0.33 1 41 1
2.59 1 1 4 1 1 39 2
1.68 0.05 1 4 1 1 39 2
3.22 0.1 1 4 1 1 39 2
4 1 1 1.68 1 1 41 1
4 1 1 9.51 1 1 41 1
3.22 0.05 1 4 1 1 39 2
4 1 1 1.68 0.05 1 39 1
4 1 1 4 0.33 1 39 1
4 1 1 3.22 0.05 1 39 1
4 1 1 1.68 0.05 1 41 1
2.09 0.1 1 4 1 1 41 2
3.22 0.33 1 4 1 1 41 2
4 1 1 1.68 0.05 1 39 1
4 1 1 1.68 0.05 1 39 1
1.68 0.33 1 4 1 1 39 2
2.59 1 1 4 1 1 41 2
4 1 1 4 1 1 41 1
2.59 0.05 1 4 1 1 41 2
4 1 1 7.66 0.33 1 41 1
3.22 0.1 1 4 1 1 41 2
4 0.05 1 4 1 1 41 2
3.22 0.05 1 4 1 1 39 2
4 1 1 3.22 0.05 1 39 1
7.66 0.33 1 4 1 1 39 2
4 1 1 1.68 0.1 1 39 1
2.59 0.33 1 4 1 1 39 2
1.68 1 1 4 1 1 41 2
9.51 0.33 1 4 1 1 39 2
4.97 1 1 4 1 1 39 2
4 1 1 3.22 0.1 1 39 1
2.09 1 1 4 1 1 41 2
3.22 0.1 1 4 1 1 41 2
1.68 0.33 1 4 1 1 41 2
4 1 1 2.09 0.1 1 39 1
4 1 1 4.97 1 1 41 1
4 1 1 2.59 0.05 1 39 1
3.22 0.05 1 4 1 1 39 2
4.97 0.33 1 4 1 1 39 2
2.09 0.1 1 4 1 1 41 2
7.66 1 1 4 1 1 39 2
4.97 1 1 4 1 1 39 2
4 1 1 4 1 1 39 1
2.59 0.33 1 4 1 1 41 2
2.59 1 1 4 1 1 39 2
4 1 1 4 0.33 1 39 1
1.68 0.05 1 4 1 1 41 2
4 1 1 4 1 1 41 1
4 0.05 1 4 1 1 41 2
1.68 1 1 4 1 1 39 2
4 1 1 6.17 0.1 1 41 1
4 1 1 6.17 1 1 41 1
4 1 1 2.09 1 1 39 1
4 1 1 6.17 1 1 41 1
4 1 1 2.59 0.05 1 41 1
4 1 1 1.68 0.33 1 39 1
4 1 1 7.66 1 1 41 1
7.66 0.05 1 4 1 1 39 2
4 1 1 3.22 0.05 1 41 1
4 1 1 7.66 0.05 1 41 1
4 1 1 9.51 0.33 1 41 1
4 1 1 9.51 0.05 1 41 1
4 1 1 7.66 0.1 1 41 1
2.09 0.05 1 4 1 1 39 2
2.09 0.33 1 4 1 1 41 2
4.97 0.33 1 4 1 1 39 2
3.22 0.1 1 4 1 1 41 2
9.51 1 1 4 1 1 39 2
4 0.33 1 4 1 1 41 2
2.59 0.05 1 4 1 1 39 2
4 1 1 3.22 1 1 39 1
4 1 1 2.59 0.1 1 39 1
7.66 1 1 4 1 1 39 2
3.22 0.05 1 4 1 1 39 2
4 1 1 1.68 0.33 1 39 1
1.68 1 1 4 1 1 39 2
4 1 1 6.17 1 1 41 1
3.22 1 1 4 1 1 41 2
2.59 1 1 4 1 1 39 2
4 1 1 4 1 1 39 2
4 1 1 9.51 0.05 1 39 1
7.66 0.05 1 4 1 1 39 2
9.51 0.05 1 4 1 1 39 2
4 1 1 4.97 0.05 1 39 1
2.09 0.1 1 4 1 1 41 2
