1.5 0.64 3 1.05 0.16 3 39 1
1.5 0.64 3 1.61 0.32 3 39 1
1.5 0.64 3 1.16 0.32 3 39 1
1.5 0.64 3 1.61 0.32 3 41 1
1.5 0.64 3 1.05 0.32 3 41 1
1.5 0.64 3 1.27 0.32 3 41 1
1.5 0.64 3 1.61 0.64 3 41 1
1.5 0.64 3 1.27 0.64 3 39 1
1.5 0.64 3 1.95 0.16 3 41 1
1.95 0.16 3 1.5 0.64 3 39 2
1.16 0.64 3 1.5 0.64 3 41 2
1.5 0.64 3 1.39 0.32 3 39 1
1.5 0.64 3 1.73 0.32 3 39 1
1.5 0.64 3 1.16 0.64 3 39 1
1.95 0.64 3 1.5 0.64 3 39 2
1.73 0.16 3 1.5 0.64 3 39 2
1.5 0.64 3 2.06 0.32 3 41 1
1.95 0.16 3 1.5 0.64 3 41 2
1.5 0.64 3 1.73 0.64 3 39 1
1.5 0.64 3 2.06 0.32 3 41 1
1.5 0.64 3 1.16 0.16 3 39 1
1.5 0.64 3 1.61 0.16 3 39 1
2.06 0.64 3 1.5 0.64 3 39 2
1.5 0.64 3 1.73 0.64 3 39 1
1.5 0.64 3 1.16 0.32 3 39 1
1.39 0.32 3 1.5 0.64 3 41 2
1.5 0.64 3 1.73 0.64 3 39 1
1.39 0.32 3 1.5 0.64 3 39 2
1.16 0.32 3 1.5 0.64 3 41 2
1.39 0.32 3 1.5 0.64 3 41 2
1.39 0.16 3 1.5 0.64 3 41 2
1.61 0.32 3 1.5 0.64 3 41 2
1.61 0.32 3 1.5 0.64 3 39 2
1.5 0.64 3 1.16 0.16 3 39 1
1.5 0.64 3 1.73 0.64 3 41 1
1.5 0.64 3 1.73 0.32 3 41 1
1.27 0.64 3 1.5 0.64 3 41 2
1.95 0.64 3 1.5 0.64 3 39 2
1.73 0.16 3 1.5 0.64 3 39 2
1.5 0.64 3 1.27 0.64 3 41 1
0.94 0.16 3 1.5 0.64 3 41 2
1.5 0.64 3 1.16 0.32 3 41 1
1.5 0.64 3 1.84 0.64 3 41 1
1.39 0.64 3 1.5 0.64 3 39 2
1.16 0.32 3 1.5 0.64 3 41 2
2.06 0.32 3 1.5 0.64 3 39 2
1.39 0.32 3 1.5 0.64 3 39 2
1.5 0.64 3 1.05 0.16 3 39 1
1.95 0.16 3 1.5 0.64 3 39 2
1.5 0.64 3 1.84 0.32 3 39 1
1.5 0.64 3 0.94 0.32 3 39 1
1.16 0.16 3 1.5 0.64 3 41 2
1.61 0.32 3 1.5 0.64 3 41 2
1.5 0.64 3 1.73 0.64 3 41 1
1.16 0.32 3 1.5 0.64 3 41 2
1.61 0.64 3 1.5 0.64 3 41 2
0.94 0.16 3 1.5 0.64 3 41 2
1.05 0.32 3 1.5 0.64 3 41 2
1.5 0.64 3 1.27 0.16 3 39 1
1.05 0.32 3 1.5 0.64 3 41 2
1.5 0.64 3 0.94 0.32 3 39 1
1.5 0.64 3 0.94 0.64 3 39 1
1.5 0.64 3 0.94 0.64 3 39 1
0.94 0.32 3 1.5 0.64 3 41 2
1.5 0.64 3 1.95 0.16 3 41 1
1.5 0.64 3 1.61 0.32 3 39 1
1.5 0.64 3 1.73 0.16 3 39 1
1.95 0.16 3 1.5 0.64 3 39 2
1.5 0.64 3 0.94 0.16 3 39 1
1.5 0.64 3 1.27 0.64 3 39 1
1.5 0.64 3 1.61 0.32 3 41 1
2.06 0.64 3 1.5 0.64 3 39 2
1.05 0.16 3 1.5 0.64 3 41 2
1.61 0.64 3 1.5 0.64 3 39 2
1.5 0.64 3 1.16 0.16 3 41 1
1.5 0.64 3 1.39 0.16 3 39 1
1.61 0.32 3 1.5 0.64 3 39 2
1.16 0.16 3 1.5 0.64 3 41 2
1.5 0.64 3 2.06 0.64 3 39 1
1.5 0.64 3 1.95 0.64 3 39 1
1.39 0.32 3 1.5 0.64 3 39 2
1.5 0.64 3 2.06 0.16 3 41 1
1.84 0.32 3 1.5 0.64 3 39 2
1.5 0.64 3 1.05 0.32 3 41 1
1.73 0.64 3 1.5 0.64 3 39 2
1.84 0.32 3 1.5 0.64 3 39 2
1.27 0.32 3 1.5 0.64 3 41 2
1.5 0.64 3 0.94 0.32 3 39 1
1.5 0.64 3 1.73 0.32 3 41 1
2.06 0.32 3 1.5 0.64 3 39 2
1.84 0.32 3 1.5 0.64 3 39 2
1.05 0.32 3 1.5 0.64 3 39 2
0.94 0.16 3 1.5 0.64 3 41 2
1.5 0.64 3 0.94 0.32 3 39 1
1.5 0.64 3 0.94 0.32 3 39 1
1.5 0.64 3 1.95 0.64 3 41 1
1.27 0.32 3 1.5 0.64 3 41 2
1.5 0.64 3 1.84 0.64 3 41 1
1.5 0.64 3 1.84 0.16 3 41 1
1.5 0.64 3 1.16 0.32 3 39 1
1.5 0.64 3 1.73 0.64 3 39 1
1.84 0.32 3 1.5 0.64 3 39 2
1.5 0.64 3 1.39 0.16 3 39 1
1.16 0.16 3 1.5 0.64 3 39 2
0.94 0.64 3 1.5 0.64 3 41 2
1.95 0.16 3 1.5 0.64 3 39 2
1.5 0.64 3 1.95 0.16 3 39 1
1.5 0.64 3 1.84 0.16 3 39 1
1.5 0.64 3 1.05 0.64 3 39 1
1.5 0.64 3 1.84 0.32 3 39 1
2.06 0.32 3 1.5 0.64 3 39 2
1.5 0.64 3 0.94 0.32 3 39 1
2.06 0.16 3 1.5 0.64 3 39 2
1.5 0.64 3 1.16 0.16 3 41 1
1.05 0.64 3 1.5 0.64 3 41 2
2.06 0.16 3 1.5 0.64 3 39 2
2.06 0.32 3 1.5 0.64 3 39 2
1.5 0.64 3 1.95 0.16 3 41 1
1.16 0.16 3 1.5 0.64 3 41 2
1.16 0.64 3 1.5 0.64 3 41 2
1.5 0.64 3 1.39 0.16 3 39 1
1.61 0.16 3 1.5 0.64 3 39 2
1.61 0.32 3 1.5 0.64 3 41 2
1.16 0.16 3 1.5 0.64 3 41 2
1.5 0.64 3 1.39 0.64 3 39 1
1.61 0.32 3 1.5 0.64 3 39 2
1.5 0.64 3 1.16 0.16 3 39 1
1.61 0.16 3 1.5 0.64 3 41 2
2.06 0.16 3 1.5 0.64 3 39 2
1.16 0.32 3 1.5 0.64 3 41 2
1.61 0.32 3 1.5 0.64 3 39 2
1.5 0.64 3 1.05 0.64 3 39 1
1.5 0.64 3 1.27 0.16 3 39 1
1.39 0.64 3 1.5 0.64 3 41 2
1.5 0.64 3 1.84 0.32 3 39 1
1.39 0.64 3 1.5 0.64 3 39 2
1.16 0.16 3 1.5 0.64 3 39 2
1.95 0.64 3 1.5 0.64 3 39 2
1.5 0.64 3 1.27 0.16 3 39 1
1.5 0.64 3 1.16 0.32 3 39 1
1.5 0.64 3 1.95 0.16 3 41 1
1.5 0.64 3 1.95 0.64 3 41 1
0.94 0.16 3 1.5 0.64 3 41 2
1.5 0.64 3 1.61 0.64 3 41 1
2.06 0.32 3 1.5 0.64 3 39 2
1.5 0.64 3 2.06 0.16 3 41 1
1.27 0.16 3 1.5 0.64 3 41 2
1.39 0.32 3 1.5 0.64 3 39 2
1.5 0.64 3 1.16 0.32 3 39 1
1.5 0.64 3 1.95 0.32 3 41 1
