1.5 0.32 1 1.86 0.08 1 41 1
0.97 0.16 1 1.5 0.32 1 41 2
1.5 0.32 1 2.31 0.32 1 41 1
1.5 0.32 1 1.34722 0.04 1 39 1
1.5 0.32 1 1.67033 0.04 1 39 1
1.5 0.32 1 1.34722 0.32 1 39 1
1.34722 0.32 1 1.5 0.32 1 41 2
1.67033 0.16 1 1.5 0.32 1 39 2
0.97 0.04 1 1.5 0.32 1 41 2
1.67033 0.32 1 1.5 0.32 1 41 2
1.86 0.16 1 1.5 0.32 1 39 2
1.34722 0.04 1 1.5 0.32 1 39 2
1.34722 0.08 1 1.5 0.32 1 41 2
2.87 0.04 1 1.5 0.32 1 39 2
1.86 0.32 1 1.5 0.32 1 39 2
1.67033 0.16 1 1.5 0.32 1 41 2
1.5 0.32 1 1.21 0.16 1 39 1
1.5 0.04 1 1.5 0.32 1 41 2
1.5 0.08 1 1.5 0.32 1 39 2
1.67033 0.08 1 1.5 0.32 1 39 2
1.5 0.32 1 2.31 0.32 1 41 1
1.67033 0.32 1 1.5 0.32 1 39 2
1.5 0.32 1 1.34722 0.32 1 39 1
1.5 0.32 1 2.87 0.04 1 41 1
1.5 0.32 1 1.34722 0.16 1 41 1
1.5 0.32 1 1.21 0.16 1 39 1
1.34722 0.08 1 1.5 0.32 1 41 2
1.67033 0.16 1 1.5 0.32 1 39 2
1.5 0.32 1 1.34722 0.04 1 41 1
1.67033 0.16 1 1.5 0.32 1 39 2
1.5 0.32 1 1.86 0.04 1 41 1
1.67033 0.32 1 1.5 0.32 1 39 2
1.34722 0.16 1 1.5 0.32 1 39 2
1.5 0.32 1 1.21 0.32 1 39 1
2.87 0.08 1 1.5 0.32 1 39 2
1.5 0.32 1 1.86 0.04 1 41 1
1.67033 0.04 1 1.5 0.32 1 39 2
2.87 0.32 1 1.5 0.32 1 39 2
1.67033 0.04 1 1.5 0.32 1 39 2
1.5 0.32 1 1.86 0.04 1 41 1
1.5 0.32 1 0.97 0.04 1 39 1
2.31 0.32 1 1.5 0.32 1 39 2
1.86 0.08 1 1.5 0.32 1 39 2
1.5 0.32 1 1.5 0.04 1 41 1
1.67033 0.16 1 1.5 0.32 1 39 2
1.5 0.32 1 1.86 0.08 1 41 1
1.21 0.16 1 1.5 0.32 1 41 2
1.5 0.32 1 2.31 0.16 1 41 1
1.34722 0.32 1 1.5 0.32 1 41 2
0.97 0.32 1 1.5 0.32 1 41 2
1.5 0.32 1 1.21 0.08 1 39 1
1.5 0.32 1 0.97 0.32 1 39 1
1.5 0.32 1 2.31 0.04 1 41 1
1.5 0.32 1 1.5 0.04 1 41 1
1.34722 0.32 1 1.5 0.32 1 39 2
1.5 0.16 1 1.5 0.32 1 41 2
1.5 0.32 1 1.67033 0.04 1 41 1
1.67033 0.16 1 1.5 0.32 1 39 2
1.5 0.32 1 1.5 0.32 1 39 2
1.5 0.32 1 1.5 0.08 1 41 1
1.67033 0.16 1 1.5 0.32 1 39 2
1.5 0.32 1 1.86 0.32 1 41 1
1.21 0.08 1 1.5 0.32 1 41 2
1.21 0.08 1 1.5 0.32 1 41 2
1.5 0.32 1 1.34722 0.04 1 39 1
1.5 0.32 1 1.34722 0.16 1 39 1
1.86 0.32 1 1.5 0.32 1 39 2
1.5 0.32 1 1.5 0.32 1 41 1
1.5 0.32 1 0.97 0.32 1 39 1
1.5 0.32 1 1.5 0.04 1 41 1
1.5 0.32 1 2.31 0.16 1 41 1
1.5 0.08 1 1.5 0.32 1 39 2
1.5 0.32 1 1.34722 0.04 1 39 1
1.5 0.32 1 1.67033 0.04 1 39 1
1.34722 0.08 1 1.5 0.32 1 41 2
1.5 0.32 1 1.67033 0.16 1 41 1
1.5 0.32 1 1.21 0.16 1 39 1
1.67033 0.08 1 1.5 0.32 1 41 2
1.5 0.32 1 1.67033 0.16 1 41 1
1.5 0.32 1 2.87 0.08 1 41 1
1.5 0.32 1 0.78 0.32 1 39 1
1.5 0.32 1 1.67033 0.08 1 41 1
1.5 0.32 1 0.97 0.32 1 39 1
2.31 0.08 1 1.5 0.32 1 39 2
1.67033 0.16 1 1.5 0.32 1 39 2
1.21 0.04 1 1.5 0.32 1 41 2
1.5 0.32 1 2.87 0.04 1 41 1
1.67033 0.32 1 1.5 0.32 1 39 2
1.5 0.08 1 1.5 0.32 1 39 2
1.5 0.16 1 1.5 0.32 1 39 2
1.67033 0.16 1 1.5 0.32 1 41 2
1.5 0.32 1 0.78 0.04 1 39 1
1.5 0.32 1 1.67033 0.04 1 41 1
1.5 0.32 1 1.86 0.04 1 41 1
1.5 0.32 1 1.86 0.04 1 41 1
1.5 0.16 1 1.5 0.32 1 39 2
1.5 0.32 1 1.67033 0.04 1 41 1
2.31 0.04 1 1.5 0.32 1 39 2
1.86 0.16 1 1.5 0.32 1 39 2
1.5 0.32 1 0.97 0.04 1 39 1
1.5 0.32 1 2.87 0.32 1 41 1
1.5 0.32 1 1.5 0.04 1 41 1
1.86 0.08 1 1.5 0.32 1 39 2
1.5 0.16 1 1.5 0.32 1 39 2
1.5 0.04 1 1.5 0.32 1 39 2
1.67033 0.16 1 1.5 0.32 1 39 2
1.5 0.32 1 1.34722 0.08 1 41 1
1.34722 0.08 1 1.5 0.32 1 39 2
1.5 0.32 1 0.97 0.08 1 39 1
1.5 0.32 1 1.21 0.04 1 39 1
1.5 0.32 1 1.67033 0.08 1 41 1
1.5 0.32 1 0.78 0.16 1 39 1
2.31 0.08 1 1.5 0.32 1 39 2
1.5 0.32 1 1.5 0.04 1 41 1
1.67033 0.32 1 1.5 0.32 1 39 2
1.5 0.32 1 1.5 0.16 1 39 1
2.87 0.04 1 1.5 0.32 1 39 2
1.5 0.32 1 2.31 0.04 1 41 1
2.87 0.16 1 1.5 0.32 1 39 2
0.97 0.32 1 1.5 0.32 1 41 2
2.87 0.16 1 1.5 0.32 1 39 2
0.78 0.32 1 1.5 0.32 1 41 2
1.67033 0.16 1 1.5 0.32 1 39 2
1.5 0.16 1 1.5 0.32 1 39 2
1.5 0.16 1 1.5 0.32 1 41 2
1.67033 0.16 1 1.5 0.32 1 39 2
0.97 0.08 1 1.5 0.32 1 41 2
1.34722 0.16 1 1.5 0.32 1 41 2
1.86 0.16 1 1.5 0.32 1 39 2
1.67033 0.04 1 1.5 0.32 1 41 2
1.5 0.32 1 1.34722 0.04 1 39 1
1.5 0.32 1 1.67033 0.08 1 41 1
1.5 0.32 1 1.21 0.08 1 39 1
1.5 0.32 1 1.34722 0.16 1 39 1
1.5 0.32 1 2.87 0.08 1 41 1
1.67033 0.08 1 1.5 0.32 1 39 2
1.5 0.32 1 1.34722 0.08 1 41 1
1.5 0.04 1 1.5 0.32 1 41 2
2.87 0.16 1 1.5 0.32 1 39 2
2.87 0.16 1 1.5 0.32 1 39 2
1.21 0.04 1 1.5 0.32 1 39 2
1.5 0.32 1 1.5 0.08 1 41 1
0.97 0.32 1 1.5 0.32 1 41 2
1.34722 0.04 1 1.5 0.32 1 41 2
1.5 0.32 1 2.87 0.16 1 41 1
1.34722 0.16 1 1.5 0.32 1 39 2
2.87 0.32 1 1.5 0.32 1 39 2
2.31 0.04 1 1.5 0.32 1 39 2
1.5 0.32 1 2.87 0.04 1 41 1
1.5 0.32 1 1.34722 0.08 1 41 1
