4.5 0.32 1 6 0.32 1 41 2
4.8 0.04 1 6 0.32 1 41 2
7.5 0.08 1 6 0.32 1 39 2
4.8 0.08 1 6 0.32 1 41 2
6 0.32 1 5.7 0.32 1 39 1
6.6 0.08 1 6 0.32 1 39 2
6 0.32 1 4.5 0.16 1 41 1
6 0.32 1 6.6 0.32 1 39 1
6 0.32 1 4.5 0.32 1 39 1
6 0.32 1 4.5 0.16 1 39 1
6 0.32 1 5.7 0.08 1 41 1
6 0.32 1 6.9 0.16 1 41 1
5.4 0.04 1 6 0.32 1 39 2
6.9 0.32 1 6 0.32 1 39 2
6 0.32 1 4.5 0.04 1 39 1
5.1 0.16 1 6 0.32 1 39 2
5.1 0.08 1 6 0.32 1 41 2
6 0.32 1 7.2 0.08 1 41 1
6 0.32 1 6.6 0.32 1 39 1
6.3 0.32 1 6 0.32 1 39 2
4.8 0.32 1 6 0.32 1 41 2
6 0.32 1 6.3 0.08 1 41 1
6 0.32 1 6.3 0.08 1 41 1
6 0.32 1 6.3 0.32 1 39 1
7.2 0.04 1 6 0.32 1 39 2
6 0.32 1 7.5 0.04 1 41 1
6 0.32 1 6.6 0.04 1 41 1
6 0.32 1 4.8 0.04 1 39 1
5.1 0.04 1 6 0.32 1 41 2
6 0.32 1 4.8 0.32 1 39 1
6 0.32 1 7.2 0.08 1 41 1
7.2 0.32 1 6 0.32 1 39 2
6 0.32 1 6.9 0.08 1 41 1
5.1 0.16 1 6 0.32 1 39 2
6 0.32 1 4.5 0.08 1 39 1
6 0.32 1 4.8 0.04 1 39 1
4.5 0.08 1 6 0.32 1 41 2
5.7 0.16 1 6 0.32 1 41 2
6 0.32 1 5.7 0.32 1 39 1
6 0.32 1 7.5 0.04 1 39 1
6.3 0.32 1 6 0.32 1 39 2
6.6 0.08 1 6 0.32 1 39 2
6 0.32 1 5.4 0.08 1 39 1
6.3 0.04 1 6 0.32 1 41 2
4.5 0.16 1 6 0.32 1 41 2
6.9 0.32 1 6 0.32 1 39 2
6 0.32 1 4.5 0.32 1 39 1
6 0.32 1 6.6 0.16 1 41 1
5.7 0.16 1 6 0.32 1 41 2
4.5 0.04 1 6 0.32 1 41 2
6 0.32 1 5.7 0.16 1 39 1
6 0.32 1 5.7 0.08 1 39 1
6.6 0.04 1 6 0.32 1 41 2
6.6 0.04 1 6 0.32 1 41 2
4.8 0.08 1 6 0.32 1 41 2
6.6 0.16 1 6 0.32 1 39 2
6 0.32 1 6.3 0.32 1 41 1
5.4 0.04 1 6 0.32 1 39 2
6 0.32 1 6.3 0.16 1 41 1
6 0.32 1 5.1 0.04 1 41 1
5.1 0.04 1 6 0.32 1 41 2
6 0.32 1 5.4 0.32 1 39 1
6.9 0.32 1 6 0.32 1 39 2
6 0.32 1 5.7 0.32 1 41 1
6.9 0.08 1 6 0.32 1 39 2
6.9 0.16 1 6 0.32 1 39 2
6 0.32 1 5.4 0.16 1 41 1
4.5 0.08 1 6 0.32 1 39 2
7.2 0.04 1 6 0.32 1 41 2
6 0.32 1 5.7 0.04 1 39 1
6 0.32 1 4.8 0.16 1 39 1
6 0.32 1 6.3 0.04 1 39 1
6 0.32 1 4.8 0.04 1 39 1
6 0.32 1 5.7 0.04 1 39 1
6 0.32 1 7.2 0.04 1 39 1
6 0.32 1 6.6 0.08 1 41 1
6.6 0.32 1 6 0.32 1 39 2
6.3 0.32 1 6 0.32 1 41 2
7.5 0.32 1 6 0.32 1 39 2
7.2 0.08 1 6 0.32 1 39 2
6 0.32 1 4.8 0.16 1 41 1
6 0.32 1 5.1 0.08 1 39 1
6 0.32 1 7.5 0.04 1 39 1
5.4 0.04 1 6 0.32 1 41 2
6 0.32 1 5.1 0.16 1 41 1
6 0.32 1 5.4 0.04 1 39 1
7.2 0.32 1 6 0.32 1 39 2
6.6 0.04 1 6 0.32 1 41 2
4.8 0.32 1 6 0.32 1 41 2
6 0.32 1 5.1 0.04 1 39 1
7.5 0.04 1 6 0.32 1 41 2
5.7 0.04 1 6 0.32 1 39 2
5.1 0.16 1 6 0.32 1 39 2
4.5 0.16 1 6 0.32 1 41 2
6.9 0.04 1 6 0.32 1 41 2
5.1 0.32 1 6 0.32 1 41 2
5.1 0.32 1 6 0.32 1 39 2
5.1 0.32 1 6 0.32 1 41 2
6.3 0.32 1 6 0.32 1 39 2
6.3 0.32 1 6 0.32 1 39 2
6 0.32 1 4.8 0.08 1 39 1
6 0.32 1 4.5 0.32 1 39 1
6 0.32 1 5.7 0.32 1 39 1
6 0.32 1 7.5 0.04 1 39 1
6 0.32 1 7.5 0.16 1 41 1
6.3 0.16 1 6 0.32 1 39 2
6 0.32 1 7.5 0.04 1 39 1
5.7 0.08 1 6 0.32 1 41 2
5.1 0.16 1 6 0.32 1 39 2
6.3 0.32 1 6 0.32 1 39 2
6.3 0.08 1 6 0.32 1 39 2
6.6 0.16 1 6 0.32 1 39 2
4.5 0.32 1 6 0.32 1 41 2
6.3 0.16 1 6 0.32 1 39 2
6 0.32 1 6.6 0.16 1 41 1
6.6 0.32 1 6 0.32 1 39 2
7.5 0.32 1 6 0.32 1 39 2
7.2 0.32 1 6 0.32 1 39 2
6.3 0.32 1 6 0.32 1 39 2
4.5 0.16 1 6 0.32 1 41 2
5.7 0.32 1 6 0.32 1 41 2
5.4 0.32 1 6 0.32 1 41 2
6.3 0.32 1 6 0.32 1 41 2
4.5 0.16 1 6 0.32 1 41 2
6 0.32 1 5.4 0.16 1 39 1
6 0.32 1 7.5 0.08 1 41 1
6 0.32 1 5.1 0.16 1 39 1
6 0.32 1 6.3 0.04 1 41 1
4.5 0.04 1 6 0.32 1 39 2
6.9 0.08 1 6 0.32 1 39 2
4.8 0.08 1 6 0.32 1 41 2
5.7 0.32 1 6 0.32 1 41 2
6 0.32 1 7.2 0.08 1 41 1
5.7 0.08 1 6 0.32 1 39 2
4.5 0.32 1 6 0.32 1 41 2
7.5 0.16 1 6 0.32 1 39 2
5.7 0.32 1 6 0.32 1 41 2
6 0.32 1 7.5 0.04 1 39 1
6.3 0.16 1 6 0.32 1 39 2
4.8 0.04 1 6 0.32 1 41 2
6 0.32 1 4.8 0.04 1 39 1
7.2 0.16 1 6 0.32 1 39 2
7.2 0.04 1 6 0.32 1 41 2
4.8 0.16 1 6 0.32 1 41 2
6 0.32 1 6.3 0.32 1 41 1
6 0.32 1 4.8 0.16 1 39 1
6 0.32 1 5.7 0.32 1 39 1
6 0.32 1 6.9 0.08 1 41 1
4.5 0.32 1 6 0.32 1 41 2
6 0.32 1 4.5 0.32 1 39 1
