4.63 1 3 3 1 3 39 2
4.63 0.05 3 3 1 3 39 2
1.26 0.1 3 3 1 3 41 2
1.95 1 3 3 1 3 41 2
2.42 0.1 3 3 1 3 39 2
1.26 0.33 3 3 1 3 41 2
3 1 3 7.14 0.05 3 39 1
3 1 3 4.63 0.1 3 41 1
3 1 3 1.95 0.33 3 39 1
1.57 0.05 3 3 1 3 41 2
2.42 0.33 3 3 1 3 41 2
3 1 3 3.73 1 3 41 1
5.75 0.1 3 3 1 3 39 2
3 1 3 1.26 0.33 3 39 1
7.14 0.05 3 3 1 3 41 2
2.42 1 3 3 1 3 39 2
3 1 3 7.14 0.05 3 39 1
4.63 0.33 3 3 1 3 39 2
4.63 0.05 3 3 1 3 39 2
3 1 3 5.75 1 3 41 1
3 1 3 1.95 0.33 3 39 1
1.57 1 3 3 1 3 41 2
3 1 3 1.26 0.1 3 39 1
3 1 3 7.14 0.05 3 41 1
2.42 0.1 3 3 1 3 39 2
3 1 3 4.63 0.1 3 41 1
3.73 0.05 3 3 1 3 39 2
3 1 3 3 1 3 41 2
3 1 3 5.75 0.1 3 41 1
3 1 3 4.63 1 3 41 1
5.75 0.05 3 3 1 3 39 2
3 0.33 3 3 1 3 39 2
3 1 3 3.73 0.33 3 41 1
3 1 3 3.73 0.05 3 41 1
3 1 3 3 0.1 3 39 1
5.75 0.33 3 3 1 3 39 2
3 1 3 1.95 0.05 3 39 1
3 1 3 4.63 0.05 3 41 1
3 1 3 4.63 0.05 3 41 1
4.63 1 3 3 1 3 39 2
3 1 3 5.75 0.1 3 41 1
3 1 3 7.14 0.05 3 39 1
3 0.33 3 3 1 3 39 2
5.75 0.33 3 3 1 3 39 2
3 0.1 3 3 1 3 39 2
3.73 0.33 3 3 1 3 39 2
4.63 0.05 3 3 1 3 39 2
2.42 0.33 3 3 1 3 41 2
3 1 3 1.95 0.33 3 39 1
3 1 3 4.63 1 3 41 1
3 1 3 1.95 0.1 3 39 1
3 1 3 1.57 0.1 3 39 1
3 1 3 3.73 1 3 41 1
1.95 0.1 3 3 1 3 39 2
3 0.33 3 3 1 3 39 2
3 1 3 3 0.33 3 41 1
3 0.1 3 3 1 3 39 2
3 1 3 2.42 1 3 39 1
2.42 0.05 3 3 1 3 41 2
3.73 0.33 3 3 1 3 39 2
3 1 3 3.73 0.05 3 41 1
4.63 0.05 3 3 1 3 39 2
7.14 0.1 3 3 1 3 39 2
3 1 3 4.63 0.33 3 41 1
3 1 3 2.42 0.33 3 39 1
3.73 0.05 3 3 1 3 39 2
3 0.1 3 3 1 3 39 2
2.42 0.33 3 3 1 3 41 2
1.57 0.1 3 3 1 3 41 2
2.42 0.1 3 3 1 3 41 2
1.26 1 3 3 1 3 41 2
1.95 0.33 3 3 1 3 41 2
4.63 1 3 3 1 3 39 2
1.26 0.33 3 3 1 3 41 2
1.95 0.33 3 3 1 3 41 2
3 1 3 2.42 0.1 3 39 1
5.75 0.33 3 3 1 3 39 2
3 1 3 3.73 0.05 3 41 1
3 1 3 7.14 0.1 3 41 1
2.42 0.05 3 3 1 3 41 2
3 1 3 1.95 0.05 3 39 1
4.63 0.05 3 3 1 3 39 2
1.95 0.1 3 3 1 3 41 2
1.57 0.1 3 3 1 3 41 2
1.57 0.1 3 3 1 3 41 2
1.95 0.05 3 3 1 3 41 2
3.73 0.33 3 3 1 3 39 2
4.63 1 3 3 1 3 39 2
4.63 0.05 3 3 1 3 39 2
3 0.33 3 3 1 3 39 2
3 1 3 1.57 0.33 3 39 1
3 1 3 5.75 0.1 3 41 1
3 1 3 3.73 1 3 41 1
7.14 1 3 3 1 3 39 2
3 1 3 4.63 0.1 3 41 1
3 1 3 1.26 0.05 3 39 1
3 1 3 4.63 1 3 41 1
3 1 3 2.42 0.1 3 41 1
3 1 3 7.14 0.33 3 41 1
3 1 3 1.95 0.33 3 39 1
3 1 3 3 0.1 3 41 1
3 1 3 4.63 0.33 3 41 1
3 0.05 3 3 1 3 39 2
1.26 0.1 3 3 1 3 41 2
1.26 0.33 3 3 1 3 41 2
3 0.1 3 3 1 3 39 2
4.63 1 3 3 1 3 39 2
3 1 3 3.73 1 3 41 1
5.75 0.1 3 3 1 3 39 2
3 1 3 1.57 0.1 3 39 1
3.73 0.1 3 3 1 3 39 2
3 1 3 1.95 1 3 39 1
3 0.05 3 3 1 3 41 2
1.95 0.1 3 3 1 3 41 2
3 1 3 1.95 0.1 3 39 1
3 1 3 1.26 0.1 3 39 1
3 1 3 1.95 0.05 3 39 1
3 1 3 1.95 0.33 3 39 1
3.73 1 3 3 1 3 39 2
3 1 3 1.57 0.1 3 39 1
3 1 3 5.75 1 3 41 1
3 1 3 1.57 0.1 3 39 1
3 1 3 5.75 0.33 3 41 1
3 0.33 3 3 1 3 39 2
3 1 3 3 0.05 3 39 1
3 1 3 1.95 0.33 3 39 1
1.57 0.05 3 3 1 3 41 2
3 1 3 1.57 1 3 39 1
3 1 3 1.95 0.33 3 39 1
3 1 3 1.26 1 3 39 1
2.42 0.33 3 3 1 3 41 2
7.14 1 3 3 1 3 39 2
3 1 3 5.75 0.33 3 41 1
4.63 1 3 3 1 3 39 2
2.42 0.33 3 3 1 3 39 2
4.63 0.33 3 3 1 3 39 2
4.63 0.05 3 3 1 3 39 2
1.95 0.1 3 3 1 3 41 2
1.57 1 3 3 1 3 41 2
1.57 0.05 3 3 1 3 41 2
2.42 0.33 3 3 1 3 41 2
4.63 0.05 3 3 1 3 39 2
7.14 0.05 3 3 1 3 39 2
3 0.05 3 3 1 3 39 2
3 1 3 3.73 0.1 3 41 1
3 1 3 1.57 1 3 39 1
2.42 0.33 3 3 1 3 39 2
3 1 3 3 0.1 3 41 1
2.42 0.1 3 3 1 3 41 2
3 1 3 3.73 1 3 41 1
