3 0.32 1 4.63 0.04 1 41 1
1.57 0.08 1 3 0.32 1 41 2
2.69444 0.08 1 3 0.32 1 41 2
3 0.08 1 3 0.32 1 41 2
3 0.32 1 2.69444 0.16 1 39 1
3 0.16 1 3 0.32 1 41 2
3 0.32 1 3 0.04 1 41 1
5.75 0.08 1 3 0.32 1 39 2
3 0.32 1 5.75 0.32 1 41 1
3.73 0.08 1 3 0.32 1 39 2
3 0.32 1 7.14 0.16 1 41 1
3 0.32 1 1.95 0.08 1 39 1
3 0.32 1 3.34515 0.08 1 41 1
7.14 0.16 1 3 0.32 1 39 2
3 0.32 1 7.14 0.32 1 41 1
3 0.32 1 3 0.32 1 41 1
3 0.04 1 3 0.32 1 39 2
2.69444 0.08 1 3 0.32 1 41 2
3.34515 0.08 1 3 0.32 1 39 2
1.57 0.08 1 3 0.32 1 41 2
3 0.32 1 2.69444 0.04 1 41 1
3 0.08 1 3 0.32 1 41 2
2.42 0.08 1 3 0.32 1 41 2
1.57 0.16 1 3 0.32 1 41 2
3 0.32 1 3.34515 0.16 1 41 1
1.26 0.08 1 3 0.32 1 41 2
3.34515 0.32 1 3 0.32 1 39 2
1.26 0.32 1 3 0.32 1 41 2
1.57 0.32 1 3 0.32 1 41 2
3 0.32 1 1.95 0.04 1 39 1
2.42 0.32 1 3 0.32 1 41 2
3 0.32 1 3 0.16 1 39 1
5.75 0.32 1 3 0.32 1 39 2
3 0.32 1 2.69444 0.08 1 41 1
3 0.32 1 1.57 0.08 1 39 1
3 0.32 1 3 0.08 1 41 1
3 0.32 1 3.34515 0.08 1 41 1
7.14 0.04 1 3 0.32 1 39 2
3 0.32 1 3 0.16 1 41 1
3 0.32 1 1.26 0.08 1 39 1
1.95 0.08 1 3 0.32 1 41 2
7.14 0.32 1 3 0.32 1 39 2
3 0.32 1 3.34515 0.04 1 41 1
2.69444 0.04 1 3 0.32 1 41 2
3 0.32 1 1.57 0.04 1 39 1
3 0.32 1 3 0.08 1 41 1
3 0.32 1 1.95 0.16 1 39 1
1.95 0.16 1 3 0.32 1 41 2
2.69444 0.08 1 3 0.32 1 41 2
3 0.32 1 3.73 0.08 1 41 1
2.69444 0.04 1 3 0.32 1 41 2
2.42 0.04 1 3 0.32 1 41 2
5.75 0.04 1 3 0.32 1 39 2
3.34515 0.04 1 3 0.32 1 39 2
2.69444 0.16 1 3 0.32 1 39 2
3 0.32 1 2.69444 0.04 1 41 1
3 0.16 1 3 0.32 1 41 2
3 0.32 1 2.69444 0.16 1 39 1
7.14 0.04 1 3 0.32 1 39 2
3 0.32 1 1.95 0.16 1 39 1
3 0.32 1 1.95 0.08 1 39 1
7.14 0.32 1 3 0.32 1 39 2
3.34515 0.16 1 3 0.32 1 39 2
3 0.32 1 7.14 0.04 1 41 1
3 0.32 1 3 0.04 1 41 1
3 0.32 1 1.95 0.04 1 41 1
1.57 0.08 1 3 0.32 1 41 2
2.69444 0.32 1 3 0.32 1 39 2
3 0.32 1 3.73 0.32 1 39 1
2.69444 0.16 1 3 0.32 1 39 2
7.14 0.04 1 3 0.32 1 39 2
1.95 0.16 1 3 0.32 1 39 2
5.75 0.32 1 3 0.32 1 39 2
3 0.16 1 3 0.32 1 39 2
3 0.32 1 1.95 0.08 1 39 1
3.73 0.16 1 3 0.32 1 39 2
4.63 0.16 1 3 0.32 1 39 2
7.14 0.16 1 3 0.32 1 39 2
3 0.08 1 3 0.32 1 39 2
3 0.32 1 1.57 0.32 1 39 1
3 0.32 1 2.69444 0.32 1 39 1
3 0.32 1 3.34515 0.08 1 41 1
3 0.32 1 4.63 0.16 1 41 1
3 0.32 1 2.69444 0.04 1 39 1
1.95 0.08 1 3 0.32 1 41 2
2.69444 0.08 1 3 0.32 1 41 2
3.73 0.32 1 3 0.32 1 39 2
3.34515 0.16 1 3 0.32 1 39 2
3 0.32 1 1.57 0.16 1 39 1
3 0.32 1 1.26 0.08 1 39 1
3.73 0.32 1 3 0.32 1 39 2
3 0.32 1 3.34515 0.32 1 41 1
2.69444 0.04 1 3 0.32 1 39 2
1.26 0.16 1 3 0.32 1 41 2
3 0.32 1 1.26 0.08 1 39 1
3 0.32 1 3 0.32 1 39 1
3 0.32 1 1.95 0.08 1 39 1
3 0.32 1 2.42 0.04 1 39 1
3 0.32 1 3.34515 0.04 1 41 1
3 0.32 1 3 0.04 1 39 1
1.57 0.32 1 3 0.32 1 41 2
3.34515 0.04 1 3 0.32 1 39 2
3 0.32 1 3.34515 0.32 1 41 1
2.69444 0.04 1 3 0.32 1 39 2
5.75 0.04 1 3 0.32 1 39 2
4.63 0.32 1 3 0.32 1 39 2
3 0.32 1 1.26 0.16 1 39 1
2.69444 0.16 1 3 0.32 1 39 2
3.34515 0.16 1 3 0.32 1 39 2
3 0.32 1 1.26 0.32 1 39 1
1.95 0.16 1 3 0.32 1 41 2
1.57 0.32 1 3 0.32 1 41 2
7.14 0.04 1 3 0.32 1 39 2
3 0.32 1 3.34515 0.08 1 41 1
1.95 0.16 1 3 0.32 1 41 2
3 0.32 1 4.63 0.04 1 41 1
7.14 0.32 1 3 0.32 1 39 2
3 0.32 1 2.69444 0.08 1 41 1
3 0.32 1 3.34515 0.08 1 41 1
3.73 0.08 1 3 0.32 1 39 2
3 0.32 1 7.14 0.32 1 41 1
2.69444 0.32 1 3 0.32 1 41 2
3 0.32 1 2.69444 0.08 1 41 1
3 0.32 1 2.69444 0.04 1 41 1
3 0.32 1 3.34515 0.16 1 41 1
3 0.32 1 2.42 0.16 1 39 1
3 0.32 1 4.63 0.32 1 41 1
3 0.32 1 5.75 0.16 1 41 1
3 0.32 1 3.73 0.16 1 41 1
5.75 0.32 1 3 0.32 1 39 2
3 0.32 1 1.57 0.08 1 39 1
3 0.32 1 3 0.04 1 41 1
3 0.04 1 3 0.32 1 39 2
5.75 0.32 1 3 0.32 1 39 2
3.34515 0.16 1 3 0.32 1 39 2
3 0.32 1 1.26 0.32 1 39 1
3 0.32 1 3 0.04 1 39 1
4.63 0.32 1 3 0.32 1 39 2
3 0.32 1 1.26 0.08 1 39 1
2.69444 0.16 1 3 0.32 1 41 2
3 0.32 1 3 0.04 1 39 1
3 0.08 1 3 0.32 1 41 2
3 0.32 1 1.26 0.04 1 39 1
5.75 0.04 1 3 0.32 1 39 2
3 0.32 1 1.95 0.08 1 41 1
3.34515 0.04 1 3 0.32 1 39 2
3 0.32 1 3 0.32 1 39 2
3 0.32 1 3.34515 0.08 1 39 1
1.95 0.08 1 3 0.32 1 41 2
3 0.32 1 2.69444 0.04 1 39 1
