5.75 0.05 1 3 1 1 39 2
2.42 0.33 1 3 1 1 41 2
3 1 1 3.73 0.33 1 41 1
7.14 1 1 3 1 1 39 2
4.63 0.05 1 3 1 1 39 2
3 1 1 7.14 0.1 1 41 1
7.14 0.1 1 3 1 1 39 2
3 1 1 2.42 0.1 1 39 1
2.42 0.1 1 3 1 1 41 2
3 1 1 3.73 0.05 1 41 1
3 1 1 3.73 0.05 1 41 1
3 0.1 1 3 1 1 41 2
4.63 1 1 3 1 1 39 2
3 1 1 5.75 1 1 41 1
3 1 1 1.57 0.33 1 39 1
1.26 0.1 1 3 1 1 41 2
3 1 1 3.73 0.33 1 41 1
1.95 1 1 3 1 1 41 2
3 0.05 1 3 1 1 41 2
3 1 1 2.42 0.33 1 39 1
1.95 1 1 3 1 1 41 2
7.14 1 1 3 1 1 39 2
3 1 1 1.26 0.05 1 39 1
2.42 0.05 1 3 1 1 41 2
3 1 1 1.26 0.33 1 39 1
2.42 0.33 1 3 1 1 41 2
3 1 1 1.57 0.1 1 39 1
1.57 0.05 1 3 1 1 41 2
3 1 1 3 1 1 39 2
3 1 1 3 0.1 1 41 1
3 1 1 7.14 1 1 41 1
3 1 1 7.14 0.05 1 41 1
3 1 1 2.42 1 1 39 1
5.75 0.1 1 3 1 1 39 2
3 1 1 1.26 1 1 39 1
3 1 1 7.14 0.33 1 41 1
1.26 0.1 1 3 1 1 39 2
3 1 1 2.42 0.1 1 39 1
3 1 1 3 1 1 41 2
5.75 1 1 3 1 1 39 2
1.57 1 1 3 1 1 41 2
3 1 1 1.95 0.05 1 39 1
3 1 1 4.63 0.1 1 41 1
3 1 1 3 1 1 39 1
2.42 0.05 1 3 1 1 41 2
3 1 1 1.26 1 1 39 1
1.95 0.1 1 3 1 1 41 2
3 1 1 1.57 1 1 39 1
3 1 1 2.42 0.1 1 39 1
1.57 0.33 1 3 1 1 41 2
4.63 0.33 1 3 1 1 39 2
3 1 1 1.26 1 1 41 1
3 1 1 5.75 0.05 1 41 1
3 1 1 3 1 1 41 2
3 1 1 1.95 1 1 39 1
3 1 1 3 1 1 41 1
1.57 1 1 3 1 1 41 2
3 0.33 1 3 1 1 41 2
3 1 1 3 0.05 1 39 1
5.75 1 1 3 1 1 39 2
3 1 1 4.63 0.33 1 41 1
3 1 1 4.63 0.05 1 41 1
3.73 0.05 1 3 1 1 41 2
3 1 1 4.63 0.1 1 41 1
3 1 1 3 0.1 1 41 1
1.57 0.05 1 3 1 1 41 2
3 1 1 3 0.1 1 41 1
3 1 1 1.26 1 1 39 1
5.75 1 1 3 1 1 39 2
2.42 0.33 1 3 1 1 41 2
1.95 0.1 1 3 1 1 41 2
7.14 0.33 1 3 1 1 39 2
2.42 0.1 1 3 1 1 41 2
3 1 1 1.26 0.05 1 39 1
3 1 1 2.42 0.1 1 39 1
1.95 0.33 1 3 1 1 41 2
3 1 1 3 0.05 1 41 1
3 1 1 1.26 0.1 1 39 1
3 1 1 1.26 0.33 1 39 1
4.63 0.1 1 3 1 1 39 2
3 1 1 1.57 0.05 1 39 1
1.26 0.05 1 3 1 1 41 2
3 1 1 4.63 0.05 1 41 1
3 1 1 2.42 0.33 1 39 1
3 1 1 1.57 1 1 39 1
3 1 1 7.14 0.05 1 41 1
1.95 1 1 3 1 1 39 2
3 1 1 2.42 1 1 41 1
5.75 0.1 1 3 1 1 39 2
3 1 1 1.26 0.33 1 41 1
3 1 1 3 0.1 1 41 1
1.57 0.1 1 3 1 1 41 2
3 1 1 1.57 0.33 1 39 1
3 1 1 4.63 1 1 41 1
3 1 1 1.57 1 1 39 1
3 1 1 7.14 0.33 1 41 1
5.75 0.05 1 3 1 1 39 2
3 1 1 4.63 0.33 1 41 1
2.42 1 1 3 1 1 39 2
4.63 0.05 1 3 1 1 39 2
5.75 0.33 1 3 1 1 39 2
3 0.33 1 3 1 1 39 2
7.14 1 1 3 1 1 39 2
3 1 1 2.42 1 1 39 1
3 0.1 1 3 1 1 41 2
3.73 1 1 3 1 1 39 2
3 1 1 2.42 1 1 39 1
3 1 1 2.42 1 1 39 1
3 1 1 3 0.05 1 41 1
7.14 0.1 1 3 1 1 39 2
1.26 0.1 1 3 1 1 41 2
1.95 0.05 1 3 1 1 41 2
3 1 1 3.73 1 1 41 1
3 1 1 5.75 0.05 1 41 1
3 1 1 5.75 0.33 1 41 1
3.73 0.33 1 3 1 1 39 2
1.57 1 1 3 1 1 41 2
3 1 1 1.57 0.05 1 39 1
3.73 1 1 3 1 1 39 2
3 1 1 4.63 0.33 1 41 1
3 1 1 3 1 1 39 2
3 0.33 1 3 1 1 39 2
5.75 0.33 1 3 1 1 39 2
5.75 0.33 1 3 1 1 39 2
4.63 1 1 3 1 1 39 2
4.63 1 1 3 1 1 39 2
3 1 1 3 0.1 1 39 1
3 1 1 4.63 0.1 1 41 1
7.14 1 1 3 1 1 39 2
3 1 1 5.75 0.1 1 41 1
3 1 1 4.63 0.05 1 41 1
3 1 1 4.63 0.1 1 41 1
4.63 1 1 3 1 1 39 2
3 1 1 1.95 0.1 1 39 1
1.57 0.05 1 3 1 1 41 2
3 1 1 4.63 0.05 1 41 1
3.73 0.33 1 3 1 1 39 2
3 1 1 2.42 0.1 1 41 1
2.42 0.1 1 3 1 1 41 2
3 1 1 4.63 0.05 1 41 1
5.75 0.33 1 3 1 1 39 2
1.57 1 1 3 1 1 41 2
3 1 1 1.26 0.33 1 39 1
3 1 1 1.57 0.1 1 41 1
3 1 1 4.63 0.33 1 41 1
3 1 1 2.42 0.33 1 41 1
3 1 1 3.73 0.05 1 41 1
3 1 1 1.95 0.05 1 39 1
3 1 1 3.73 0.1 1 41 1
4.63 1 1 3 1 1 39 2
