1.68 0.1 1 4 1 1 39
2.59 0.33 1 4 1 1 41
4 1 1 7.66 0.33 1 41
7.66 1 1 4 1 1 39
4 1 1 1.68 1 1 39
6.17 0.33 1 4 1 1 39
1.68 0.1 1 4 1 1 41
4 1 1 3.22 0.1 1 41
4 1 1 2.59 0.1 1 39
4 1 1 4.97 0.05 1 39
4 1 1 4 1 1 39
4 1 1 4 0.05 1 41
4 1 1 1.68 0.33 1 39
4 1 1 2.59 0.33 1 39
2.09 1 1 4 1 1 41
4 1 1 1.68 0.33 1 39
2.09 1 1 4 1 1 39
3.22 0.05 1 4 1 1 41
4 0.33 1 4 1 1 41
4.97 0.33 1 4 1 1 39
4 1 1 2.09 0.05 1 41
2.59 1 1 4 1 1 41
4 1 1 7.66 0.1 1 41
4 1 1 3.22 1 1 39
6.17 0.33 1 4 1 1 39
2.59 0.33 1 4 1 1 41
9.51 0.33 1 4 1 1 39
4 0.05 1 4 1 1 39
3.22 0.33 1 4 1 1 41
4 1 1 4 0.33 1 39
1.68 1 1 4 1 1 41
4.97 0.05 1 4 1 1 39
4 1 1 4 1 1 39
4 1 1 9.51 1 1 41
6.17 1 1 4 1 1 39
4 1 1 4 0.1 1 39
9.51 1 1 4 1 1 41
4 1 1 6.17 0.05 1 41
2.09 0.33 1 4 1 1 39
2.59 0.33 1 4 1 1 39
1.68 0.33 1 4 1 1 39
4 0.1 1 4 1 1 41
4 1 1 1.68 0.05 1 39
2.09 1 1 4 1 1 41
4 1 1 1.68 0.33 1 39
1.68 1 1 4 1 1 41
3.22 0.1 1 4 1 1 41
4 1 1 1.68 0.1 1 39
4 1 1 9.51 0.33 1 39
4 1 1 4 0.05 1 41
4 1 1 9.51 0.05 1 41
4 1 1 6.17 0.05 1 41
4 1 1 9.51 0.33 1 41
4.97 0.05 1 4 1 1 39
4 1 1 6.17 0.33 1 39
2.59 0.33 1 4 1 1 41
1.68 0.05 1 4 1 1 41
4 1 1 4 0.1 1 39
6.17 0.05 1 4 1 1 39
6.17 1 1 4 1 1 39
4 1 1 2.09 0.33 1 39
4 1 1 4 1 1 39
1.68 0.1 1 4 1 1 41
1.68 0.1 1 4 1 1 41
2.09 0.33 1 4 1 1 41
4 1 1 2.59 0.1 1 39
3.22 0.05 1 4 1 1 41
6.17 1 1 4 1 1 41
2.59 0.1 1 4 1 1 39
4 1 1 4 0.33 1 39
9.51 1 1 4 1 1 39
4.97 0.05 1 4 1 1 41
3.22 0.1 1 4 1 1 39
2.59 0.33 1 4 1 1 41
4 1 1 1.68 0.33 1 39
4 1 1 2.09 0.1 1 39
4 1 1 2.09 0.05 1 39
3.22 0.1 1 4 1 1 39
4 1 1 4.97 0.1 1 41
4 1 1 2.09 0.1 1 39
4 1 1 1.68 0.1 1 39
4 1 1 4 1 1 39
3.22 0.33 1 4 1 1 39
4 1 1 4.97 0.05 1 39
4.97 0.33 1 4 1 1 41
4 1 1 2.59 0.33 1 39
4 0.33 1 4 1 1 39
4 1 1 2.59 0.05 1 39
4 1 1 7.66 0.1 1 41
4 1 1 2.59 1 1 39
4.97 0.33 1 4 1 1 39
1.68 0.33 1 4 1 1 39
4 1 1 1.68 0.1 1 39
4 1 1 2.09 1 1 41
6.17 0.1 1 4 1 1 39
4 1 1 4 0.1 1 39
9.51 1 1 4 1 1 39
4 1 1 4.97 1 1 41
7.66 0.05 1 4 1 1 39
1.68 0.05 1 4 1 1 41
7.66 0.1 1 4 1 1 39
7.66 0.05 1 4 1 1 39
4 1 1 6.17 0.33 1 41
7.66 0.05 1 4 1 1 39
6.17 0.33 1 4 1 1 39
4 1 1 2.59 0.33 1 39
4 1 1 2.09 0.05 1 39
2.09 0.33 1 4 1 1 41
4.97 0.05 1 4 1 1 39
4 1 1 9.51 0.05 1 41
6.17 0.1 1 4 1 1 39
7.66 0.1 1 4 1 1 39
4 1 1 4.97 0.1 1 39
3.22 1 1 4 1 1 41
4 1 1 3.22 1 1 39
6.17 0.33 1 4 1 1 39
4 1 1 7.66 0.1 1 39
4 1 1 7.66 0.05 1 39
4 1 1 3.22 0.33 1 39
3.22 0.1 1 4 1 1 41
3.22 0.33 1 4 1 1 39
4 1 1 2.09 1 1 39
4 1 1 7.66 0.1 1 41
4 1 1 4 0.33 1 39
4 1 1 3.22 0.33 1 41
4 1 1 4 0.05 1 39
1.68 1 1 4 1 1 41
9.51 0.33 1 4 1 1 39
4 1 1 9.51 0.05 1 41
2.59 0.33 1 4 1 1 39
4 1 1 9.51 0.1 1 41
4 0.1 1 4 1 1 39
3.22 0.33 1 4 1 1 39
2.09 0.1 1 4 1 1 39
4 1 1 3.22 0.1 1 39
4 1 1 3.22 1 1 41
4 1 1 6.17 1 1 39
4 1 1 2.09 0.05 1 41
6.17 0.1 1 4 1 1 39
2.59 0.33 1 4 1 1 41
2.59 0.05 1 4 1 1 41
9.51 1 1 4 1 1 39
7.66 0.1 1 4 1 1 39
6.17 0.1 1 4 1 1 39
4 0.33 1 4 1 1 39
4 1 1 4 0.33 1 41
2.09 0.1 1 4 1 1 39
7.66 0.1 1 4 1 1 39
4 1 1 2.59 0.1 1 39
3.22 0.05 1 4 1 1 41
