3 0.64 3 3.9 0.32 3 39 1
3 0.64 3 3.9 0.64 3 41 1
3 0.64 3 3.3 0.32 3 39 1
4.5 0.64 3 3 0.64 3 39 2
3.3 0.16 3 3 0.64 3 39 2
3 0.64 3 3.9 0.32 3 41 1
3 0.64 3 4.5 0.64 3 39 1
3 0.64 3 4.2 0.64 3 39 1
2.4 0.64 3 3 0.64 3 39 2
3 0.64 3 3.9 0.64 3 39 1
2.7 0.32 3 3 0.64 3 39 2
3 0.64 3 2.4 0.16 3 39 1
3 0.64 3 1.8 0.32 3 41 1
3 0.64 3 1.5 0.64 3 39 1
1.5 0.64 3 3 0.64 3 41 2
3 0.64 3 2.7 0.64 3 39 1
1.8 0.32 3 3 0.64 3 41 2
3 0.64 3 1.8 0.32 3 39 1
3.3 0.64 3 3 0.64 3 39 2
3.6 0.32 3 3 0.64 3 39 2
3.6 0.16 3 3 0.64 3 39 2
3 0.64 3 2.7 0.16 3 41 1
2.7 0.64 3 3 0.64 3 41 2
3 0.64 3 4.5 0.32 3 41 1
3 0.64 3 3.6 0.64 3 39 1
1.5 0.32 3 3 0.64 3 41 2
3.3 0.64 3 3 0.64 3 39 2
3 0.64 3 3.9 0.16 3 41 1
3 0.64 3 3.6 0.64 3 39 1
3.9 0.64 3 3 0.64 3 39 2
3 0.64 3 1.5 0.16 3 39 1
3 0.64 3 1.8 0.64 3 39 1
4.5 0.32 3 3 0.64 3 39 2
2.1 0.64 3 3 0.64 3 41 2
3 0.64 3 2.7 0.32 3 41 1
2.4 0.32 3 3 0.64 3 39 2
2.4 0.32 3 3 0.64 3 41 2
2.7 0.32 3 3 0.64 3 39 2
4.2 0.64 3 3 0.64 3 39 2
3 0.64 3 4.2 0.16 3 41 1
1.8 0.64 3 3 0.64 3 41 2
3 0.64 3 4.5 0.32 3 41 1
3 0.64 3 1.8 0.16 3 39 1
3 0.64 3 1.5 0.32 3 39 1
3 0.64 3 3.3 0.16 3 41 1
3 0.64 3 1.5 0.64 3 39 1
3.6 0.16 3 3 0.64 3 39 2
3 0.64 3 3.9 0.32 3 41 1
3.9 0.32 3 3 0.64 3 39 2
3 0.64 3 4.5 0.64 3 41 1
3 0.64 3 1.8 0.64 3 39 1
4.5 0.16 3 3 0.64 3 39 2
3 0.64 3 2.1 0.64 3 39 1
3 0.64 3 3.9 0.32 3 41 1
1.8 0.32 3 3 0.64 3 41 2
3 0.64 3 2.1 0.32 3 39 1
2.4 0.32 3 3 0.64 3 39 2
3 0.64 3 2.1 0.16 3 39 1
3 0.64 3 2.7 0.32 3 39 1
3.3 0.64 3 3 0.64 3 39 2
3 0.64 3 2.7 0.16 3 39 1
4.2 0.16 3 3 0.64 3 39 2
3 0.64 3 3.6 0.16 3 41 1
1.8 0.32 3 3 0.64 3 41 2
2.1 0.16 3 3 0.64 3 41 2
3 0.64 3 4.2 0.32 3 41 1
3 0.64 3 1.5 0.32 3 39 1
3 0.64 3 3.6 0.16 3 41 1
1.5 0.64 3 3 0.64 3 41 2
3.3 0.64 3 3 0.64 3 39 2
2.7 0.32 3 3 0.64 3 41 2
3.9 0.32 3 3 0.64 3 39 2
2.1 0.16 3 3 0.64 3 41 2
3 0.64 3 1.5 0.64 3 39 1
2.4 0.64 3 3 0.64 3 41 2
3 0.64 3 2.1 0.32 3 41 1
3 0.64 3 4.5 0.32 3 41 1
4.2 0.16 3 3 0.64 3 39 2
3 0.64 3 1.5 0.16 3 39 1
2.4 0.32 3 3 0.64 3 41 2
3.3 0.64 3 3 0.64 3 41 2
3 0.64 3 1.5 0.32 3 39 1
3 0.64 3 3.9 0.64 3 41 1
3.3 0.64 3 3 0.64 3 41 2
3 0.64 3 3.9 0.32 3 41 1
3 0.64 3 3.3 0.32 3 41 1
2.7 0.64 3 3 0.64 3 41 2
2.1 0.32 3 3 0.64 3 41 2
3 0.64 3 2.4 0.32 3 41 1
3 0.64 3 3.9 0.32 3 41 1
3 0.64 3 2.1 0.16 3 39 1
2.7 0.32 3 3 0.64 3 39 2
3 0.64 3 4.2 0.16 3 41 1
3 0.64 3 3.3 0.16 3 41 1
3 0.64 3 3.6 0.16 3 41 1
1.8 0.32 3 3 0.64 3 41 2
1.5 0.16 3 3 0.64 3 41 2
3 0.64 3 4.5 0.32 3 41 1
3.6 0.64 3 3 0.64 3 39 2
4.5 0.16 3 3 0.64 3 39 2
3 0.64 3 4.5 0.32 3 41 1
2.1 0.64 3 3 0.64 3 41 2
3 0.64 3 2.7 0.64 3 39 1
4.2 0.64 3 3 0.64 3 39 2
4.2 0.64 3 3 0.64 3 39 2
3 0.64 3 3.3 0.64 3 39 1
2.1 0.16 3 3 0.64 3 41 2
3 0.64 3 1.8 0.16 3 39 1
3.9 0.32 3 3 0.64 3 39 2
3 0.64 3 1.5 0.32 3 39 1
3 0.64 3 1.5 0.32 3 39 1
4.2 0.32 3 3 0.64 3 39 2
3 0.64 3 1.8 0.32 3 39 1
3.3 0.16 3 3 0.64 3 41 2
3.3 0.16 3 3 0.64 3 41 2
1.5 0.64 3 3 0.64 3 41 2
3 0.64 3 3.9 0.32 3 41 1
3 0.64 3 3.6 0.16 3 41 1
3 0.64 3 2.4 0.16 3 39 1
1.8 0.32 3 3 0.64 3 41 2
3 0.64 3 3.3 0.32 3 41 1
4.2 0.32 3 3 0.64 3 39 2
1.8 0.32 3 3 0.64 3 41 2
3 0.64 3 1.5 0.16 3 39 1
2.1 0.32 3 3 0.64 3 41 2
3 0.64 3 4.5 0.32 3 41 1
3 0.64 3 2.1 0.32 3 39 1
3 0.64 3 2.4 0.16 3 39 1
1.8 0.16 3 3 0.64 3 41 2
3 0.64 3 2.1 0.32 3 39 1
3.9 0.64 3 3 0.64 3 39 2
3 0.64 3 1.8 0.32 3 39 1
2.1 0.16 3 3 0.64 3 41 2
2.4 0.32 3 3 0.64 3 41 2
3 0.64 3 1.8 0.64 3 39 1
3 0.64 3 4.5 0.16 3 41 1
2.7 0.16 3 3 0.64 3 39 2
3.3 0.16 3 3 0.64 3 41 2
3 0.64 3 3.9 0.16 3 41 1
1.8 0.16 3 3 0.64 3 41 2
3.9 0.16 3 3 0.64 3 39 2
3.3 0.32 3 3 0.64 3 39 2
3 0.64 3 4.2 0.16 3 41 1
2.4 0.64 3 3 0.64 3 39 2
3 0.64 3 3.6 0.16 3 41 1
3 0.64 3 1.8 0.32 3 39 1
4.2 0.16 3 3 0.64 3 39 2
4.2 0.16 3 3 0.64 3 39 2
1.8 0.16 3 3 0.64 3 41 2
1.8 0.16 3 3 0.64 3 41 2
