3 0.32 3 3.45 0.32 3 39 1
3 0.32 3 2.25 0.32 3 39 1
3 0.32 3 3.15 0.32 3 39 1
3 0.32 3 3.3 0.32 3 39 1
3.9 0.32 3 3 0.32 3 39 2
3 0.32 3 3.15 0.32 3 39 1
3 0.32 3 3.6 0.32 3 39 1
3.45 0.32 3 3 0.32 3 39 2
3 0.32 3 3.75 0.32 3 39 1
2.4 0.32 3 3 0.32 3 39 2
3 0.32 3 3.75 0.32 3 39 1
2.55 0.32 3 3 0.32 3 39 2
3.15 0.32 3 3 0.32 3 39 2
2.7 0.32 3 3 0.32 3 41 2
3.45 0.32 3 3 0.32 3 39 2
2.4 0.32 3 3 0.32 3 41 2
2.25 0.32 3 3 0.32 3 41 2
2.85 0.32 3 3 0.32 3 39 2
3.6 0.32 3 3 0.32 3 39 2
3 0.32 3 3.3 0.32 3 41 1
3.75 0.32 3 3 0.32 3 39 2
3 0.32 3 3.75 0.32 3 39 1
3 0.32 3 3.45 0.32 3 41 1
2.4 0.32 3 3 0.32 3 41 2
3 0.32 3 3.15 0.32 3 41 1
3 0.32 3 2.25 0.32 3 39 1
2.55 0.32 3 3 0.32 3 39 2
3.9 0.32 3 3 0.32 3 39 2
3.9 0.32 3 3 0.32 3 39 2
2.1 0.32 3 3 0.32 3 41 2
3 0.32 3 2.4 0.32 3 39 1
3 0.32 3 3.45 0.32 3 39 1
2.25 0.32 3 3 0.32 3 39 2
3 0.32 3 3.15 0.32 3 39 1
3 0.32 3 2.1 0.32 3 39 1
3 0.32 3 2.55 0.32 3 39 1
3.6 0.32 3 3 0.32 3 39 2
2.7 0.32 3 3 0.32 3 39 2
2.85 0.32 3 3 0.32 3 39 2
2.85 0.32 3 3 0.32 3 39 2
3 0.32 3 3.15 0.32 3 39 1
3.9 0.32 3 3 0.32 3 39 2
3 0.32 3 2.25 0.32 3 39 1
3.3 0.32 3 3 0.32 3 41 2
2.25 0.32 3 3 0.32 3 41 2
3 0.32 3 2.4 0.32 3 39 1
3.75 0.32 3 3 0.32 3 39 2
3 0.32 3 3.75 0.32 3 41 1
3 0.32 3 2.4 0.32 3 39 1
3 0.32 3 2.1 0.32 3 39 1
3 0.32 3 2.1 0.32 3 39 1
3 0.32 3 3.6 0.32 3 41 1
3 0.32 3 2.7 0.32 3 39 1
2.7 0.32 3 3 0.32 3 41 2
3 0.32 3 3.3 0.32 3 39 1
3 0.32 3 2.25 0.32 3 39 1
3 0.32 3 2.7 0.32 3 39 1
3.3 0.32 3 3 0.32 3 39 2
2.55 0.32 3 3 0.32 3 39 2
3.15 0.32 3 3 0.32 3 39 2
2.85 0.32 3 3 0.32 3 39 2
2.7 0.32 3 3 0.32 3 39 2
3.3 0.32 3 3 0.32 3 41 2
2.25 0.32 3 3 0.32 3 41 2
3 0.32 3 2.7 0.32 3 39 1
3 0.32 3 3.75 0.32 3 41 1
3.15 0.32 3 3 0.32 3 39 2
2.55 0.32 3 3 0.32 3 39 2
3.9 0.32 3 3 0.32 3 39 2
2.55 0.32 3 3 0.32 3 41 2
3.6 0.32 3 3 0.32 3 41 2
3.9 0.32 3 3 0.32 3 39 2
3 0.32 3 3.3 0.32 3 39 1
2.55 0.32 3 3 0.32 3 41 2
2.55 0.32 3 3 0.32 3 41 2
3 0.32 3 3.6 0.32 3 41 1
3 0.32 3 3.45 0.32 3 41 1
3.75 0.32 3 3 0.32 3 39 2
3.3 0.32 3 3 0.32 3 39 2
3 0.32 3 2.4 0.32 3 39 1
3.3 0.32 3 3 0.32 3 39 2
3 0.32 3 2.25 0.32 3 39 1
3 0.32 3 2.85 0.32 3 39 1
3 0.32 3 2.85 0.32 3 39 1
3.75 0.32 3 3 0.32 3 39 2
3 0.32 3 3.6 0.32 3 41 1
3 0.32 3 3.75 0.32 3 39 1
2.4 0.32 3 3 0.32 3 41 2
3 0.32 3 2.7 0.32 3 39 1
2.1 0.32 3 3 0.32 3 41 2
3 0.32 3 2.4 0.32 3 39 1
3 0.32 3 3.3 0.32 3 41 1
2.1 0.32 3 3 0.32 3 41 2
3.45 0.32 3 3 0.32 3 39 2
3.75 0.32 3 3 0.32 3 39 2
3 0.32 3 2.7 0.32 3 39 1
3 0.32 3 2.25 0.32 3 39 1
3.9 0.32 3 3 0.32 3 39 2
2.4 0.32 3 3 0.32 3 41 2
3 0.32 3 3.6 0.32 3 41 1
3 0.32 3 3.15 0.32 3 41 1
3 0.32 3 2.85 0.32 3 39 1
3.9 0.32 3 3 0.32 3 39 2
2.7 0.32 3 3 0.32 3 41 2
3 0.32 3 2.25 0.32 3 39 1
2.25 0.32 3 3 0.32 3 41 2
3 0.32 3 3.3 0.32 3 41 1
3 0.32 3 3.3 0.32 3 39 1
2.55 0.32 3 3 0.32 3 41 2
2.85 0.32 3 3 0.32 3 39 2
2.25 0.32 3 3 0.32 3 41 2
2.7 0.32 3 3 0.32 3 39 2
3.6 0.32 3 3 0.32 3 39 2
3.15 0.32 3 3 0.32 3 39 2
3 0.32 3 2.55 0.32 3 39 1
2.55 0.32 3 3 0.32 3 39 2
3.15 0.32 3 3 0.32 3 39 2
3 0.32 3 3.75 0.32 3 41 1
3 0.32 3 3.6 0.32 3 39 1
3.3 0.32 3 3 0.32 3 39 2
3 0.32 3 2.85 0.32 3 39 1
3 0.32 3 3.15 0.32 3 41 1
3 0.32 3 3.9 0.32 3 39 1
3.3 0.32 3 3 0.32 3 39 2
3 0.32 3 3.45 0.32 3 41 1
3.45 0.32 3 3 0.32 3 39 2
2.85 0.32 3 3 0.32 3 39 2
2.55 0.32 3 3 0.32 3 41 2
3 0.32 3 3.15 0.32 3 41 1
3 0.32 3 2.55 0.32 3 39 1
3 0.32 3 2.85 0.32 3 39 1
3 0.32 3 2.25 0.32 3 39 1
3.75 0.32 3 3 0.32 3 39 2
3 0.32 3 3.9 0.32 3 41 1
3 0.32 3 2.55 0.32 3 39 1
3 0.32 3 2.85 0.32 3 39 1
2.7 0.32 3 3 0.32 3 39 2
3.3 0.32 3 3 0.32 3 39 2
3 0.32 3 2.4 0.32 3 39 1
2.25 0.32 3 3 0.32 3 41 2
3 0.32 3 2.1 0.32 3 39 1
3.15 0.32 3 3 0.32 3 39 2
3.6 0.32 3 3 0.32 3 39 2
2.1 0.32 3 3 0.32 3 39 2
3 0.32 3 3.45 0.32 3 39 1
3 0.32 3 3.9 0.32 3 41 1
3 0.32 3 2.85 0.32 3 39 1
3 0.32 3 3.9 0.32 3 41 1
3 0.32 3 2.55 0.32 3 39 1
3 0.32 3 2.25 0.32 3 39 1
